new/U.asc
NCOLS 221
NROWS 89
XLLCORNER 89.875
YLLCORNER -11.125
CELLSIZE 0.25
NODATA_VALUE -999
[rows 52 to 77 of 89, columns 58 to 115 of 221]
-219.77 -304.71 -387.04 -350.8 -300.03000000000003 -223.28 -219.36 -339.84000000000003 -355.98 -337.64 -344.46 -374.11 -428.99 -486.78999999999996 -483.22 -466.94000000000005 -474.4 -479.83000000000004 -489.26 -483.59 -468.06 -431.50000000000006 -348.75 -243.75 -234.64000000000001 -203.51 -176.33 -162.38 -156.56 -156.42000000000002 -146.82999999999998 -140.55 -106.96000000000001 -78.43 -41.31 -16.25 -13.530000000000001 -12.93 -8.61 1.58 4.96 12.520000000000001 22.03 15.75 -34.68 -80.19 -90.67 -54.52 -35.9 -36.42 -8.67 29.020000000000003 64.53 109.19000000000001 134.45 148.65 140.82 101.38000000000001
-214.04999999999998 -237.17999999999998 -315.22999999999996 -370.99 -363.81 -289.77 -205.19 -314.46999999999997 -346.94 -331.58 -325.66 -351.87 -412.35999999999996 -478.0 -501.67 -500.08 -504.83000000000004 -523.1600000000001 -533.5899999999999 -544.89 -529.6700000000001 -492.19 -407.24 -255.89 -234.91 -210.57000000000002 -188.43 -172.6 -156.82 -156.51999999999998 -173.31 -169.11 -149.26 -114.95 -76.03 -51.580000000000005 -47.64 -41.36 -35.949999999999996 -26.83 -25.95 -17.51 0.35000000000000003 4.06 -43.980000000000004 -88.28 -51.92 -13.07 -12.26 -20.49 -17.37 4.5600000000000005 36.43 58.84 84.02 90.39 82.32000000000001 85.22
-197.29000000000002 -220.42000000000002 -228.39999999999998 -281.57 -336.31 -318.40999999999997 -216.99 -232.05 -272.3 -348.04 -342.09999999999997 -324.1 -377.27 -397.46999999999997 -436.82 -497.93 -532.1500000000001 -552.55 -577.8 -589.0799999999999 -597.4 -564.4599999999999 -473.96000000000004 -290.46 -252.55 -230.17 -208.17999999999998 -198.54 -182.76 -178.28 -200.76999999999998 -199.85999999999999 -180.82 -150.36 -113.41000000000001 -89.42 -84.52 -78.24 -59.86 -52.65 -61.309999999999995 -60.45 -49.230000000000004 -41.86 -85.24000000000001 -60.8 -24.46 -9.34 -15.540000000000001 -28.82 -35.46 -27.060000000000002 -13.950000000000001 3.95 12.16 18.52 71.11 88.64999999999999
-212.65 -206.88 -206.66000000000003 -205.43999999999997 -237.71 -266.19 -255.77 -221.48 -205.54000000000002 -303.57 -389.53000000000003 -378.25 -334.77000000000004 -301.55 -338.78 -502.29999999999995 -550.85 -572.72 -599.84 -623.3299999999999 -633.98 -647.4599999999999 -566.65 -428.71 -368.01 -324.08000000000004 -261.17 -259.76 -288.51 -279.75 -229.07000000000002 -231.26000000000002 -209.23 -190.5 -154.28 -133.98000000000002 -133.35 -114.67 -94.71000000000001 -80.35 -89.22 -113.21000000000001 -123.17 -120.38 -109.83000000000001 -70.81 -2.91 5.96 -59.47 -65.64 -64.28 -74.14 -72.53 -76.37 -70.38 -57.96 0.4 85.55
-224.81 -216.34000000000003 -211.94000000000003 -207.88000000000002 -195.08 -208.41 -286.17 -324.05 -275.64000000000004 -331.47 -423.61 -456.27000000000004 -410.78999999999996 -352.13 -373.17 -535.03 -570.22 -589.0500000000001 -608.16 -631.9200000000001 -651.73 -673.3399999999999 -688.89 -662.94 -596.05 -474.16999999999996 -409.88 -469.46000000000004 -516.9100000000001 -405.39 -277.97 -260.59999999999997 -243.48999999999998 -232.26 -274.56 -251.82000000000002 -189.35 -159.61 -137.57 -129.6 -134.39000000000001 -166.69 -185.99 -208.21 -166.88 -53.04 19.5 -28.24 -119.44 -114.97 -107.49 -123.85999999999999 -142.4 -154.04 -172.98 -162.74 -115.13 -16.46
-238.87 -230.62 -216.16 -206.3 -187.5 -158.69 -223.36 -335.34999999999997 -368.84000000000003 -408.89 -451.26 -484.53 -520.1800000000001 -528.9399999999999 -534.84 -571.65 -588.54 -608.55 -622.41 -633.16 -648.1 -664.61 -681.59 -707.9 -711.77 -679.61 -658.57 -675.89 -647.9300000000001 -504.13 -354.88 -329.53000000000003 -326.48 -345.71999999999997 -474.09 -479.98 -367.88 -275.91999999999996 -241.06 -217.66 -204.95000000000002 -201.9 -253.01 -264.77 -193.05 -59.21999999999999 -11.24 -91.89 -181.95 -156.54999999999998 -162.61 -180.6 -199.26 -230.62999999999997 -261.17 -295.59000000000003 -286.41999999999996 -214.36
-257.90000000000003 -252.51000000000002 -228.14000000000001 -200.83 -188.04000000000002 -177.07999999999998 -259.36 -322.02000000000004 -362.04999999999995 -402.4200000000001 -438.68 -471.65999999999997 -510.67999999999995 -538.1999999999999 -564.44 -573.98 -601.45 -619.74 -630.16 -638.05 -648.8299999999999 -660.5 -669.36 -678.56 -684.5799999999999 -714.98 -720.78 -708.81 -702.47 -676.5799999999999 -641.65 -627.4300000000001 -592.71 -566.6800000000001 -604.9699999999999 -613.86 -582.78 -555.23 -526.37 -469.73 -385.56 -235.91000000000003 -246.14 -227.51999999999998 -182.32999999999998 -112.46000000000001 -82.17999999999999 -144.33 -250.14 -234.45999999999998 -220.73000000000002 -224.23000000000002 -241.48999999999998 -274.63 -313.66999999999996 -374.42 -438.36 -466.85999999999996
-256.51 -250.32999999999998 -230.07 -199.85999999999999 -160.37 -160.51 -269.86 -313.43 -343.15000000000003 -371.79 -409.11 -449.96 -486.95000000000005 -510.78000000000003 -544.9499999999999 -563.84 -594.9399999999999 -612.62 -633.38 -646.5799999999999 -653.62 -661.73 -667.28 -686.54 -698.39 -693.1700000000001 -705.86 -718.27 -717.7800000000001 -709.39 -691.28 -665.0400000000001 -650.91 -637.61 -612.02 -619.71 -639.41 -633.83 -625.25 -596.49 -486.40999999999997 -273.67 -254.82999999999998 -260.04999999999995 -297.73 -320.99 -267.03999999999996 -232.19 -315.41 -323.99 -297.26 -278.09 -271.89 -287.17 -326.49 -382.1 -436.24 -472.06
-248.73 -261.16 -244.09 -201.27 -163.85 -137.10999999999999 -218.57000000000002 -273.47 -321.41 -353.15 -388.2 -426.44 -470.24999999999994 -506.48 -534.05 -550.22 -574.55 -595.13 -618.34 -642.4000000000001 -653.92 -672.91 -679.71 -681.01 -695.8000000000001 -704.28 -712.33 -720.87 -714.8100000000001 -704.65 -698.32 -679.13 -659.8 -644.76 -644.47 -648.11 -658.2099999999999 -657.1500000000001 -654.71 -661.52 -575.72 -410.10999999999996 -474.58 -461.96000000000004 -457.57000000000005 -478.28 -439.93 -413.89 -425.61 -406.4 -380.82 -336.28999999999996 -314.84000000000003 -283.04 -306.46 -319.14 -357.71999999999997 -387.01
-247.39 -262.53000000000003 -239.23000000000002 -194.4 -146.31 -115.82 -175.19 -236.04 -286.85999999999996 -335.3 -371.64 -410.69000000000005 -451.15999999999997 -485.36 -511.14 -535.1 -554.43 -575.03 -594.78 -618.54 -640.68 -657.55 -678.9 -691.83 -698.9499999999999 -709.25 -715.0400000000001 -719.56 -715.51 -716.96 -709.46 -697.68 -684.68 -666.23 -663.1700000000001 -665.2 -671.39 -672.04 -674.25 -670.58 -657.03 -561.84 -606.68 -576.1700000000001 -559.46 -546.5 -514.0600000000001 -508.43 -506.37999999999994 -486.40999999999997 -471.61 -419.10999999999996 -375.81 -335.12 -290.58000000000004 -295.71999999999997 -262.92 -273.7
-176.70999999999998 -224.81 -203.14000000000001 -170.14000000000001 -120.97 -88.34 -116.99 -181.58 -263.43 -312.29 -355.14 -393.69 -426.76 -458.58 -484.88 -509.82000000000005 -528.3299999999999 -555.36 -574.95 -595.92 -618.01 -638.35 -662.72 -690.13 -701.94 -713.34 -721.84 -725.51 -719.69 -720.0 -719.63 -711.0 -702.8100000000001 -688.52 -679.63 -679.17 -683.88 -678.14 -679.39 -675.9699999999999 -669.53 -640.0 -624.3299999999999 -602.06 -600.5799999999999 -586.24 -573.91 -567.6899999999999 -567.87 -559.6899999999999 -550.87 -514.58 -469.78999999999996 -412.27 -365.51 -301.94 -267.35 -205.72
-82.96 -131.03 -137.87 -112.06 -84.39999999999999 -52.019999999999996 -65.24 -120.27000000000001 -210.1 -286.96000000000004 -329.8 -372.94 -406.77000000000004 -431.96000000000004 -453.52 -472.29 -490.69000000000005 -519.76 -553.27 -574.22 -595.36 -616.0300000000001 -642.3199999999999 -669.98 -693.9 -713.65 -723.97 -727.32 -721.51 -721.5799999999999 -722.6899999999999 -719.51 -710.9399999999999 -701.68 -689.97 -690.6 -687.54 -681.82 -681.29 -678.62 -665.49 -656.8 -627.46 -618.48 -623.49 -617.37 -605.0500000000001 -606.01 -609.0 -617.25 -613.11 -600.99 -573.82 -518.0600000000001 -463.11 -399.56 -318.27 -245.35999999999999
-19.37 -23.400000000000002 -28.449999999999996 -38.37 -30.86 -5.99 -14.49 -61.8 -154.66 -233.36999999999998 -305.08000000000004 -349.89 -401.94 -424.49 -429.92999999999995 -432.7 -451.3 -467.87 -505.61999999999995 -550.14 -570.9 -591.84 -619.85 -643.75 -674.78 -695.81 -714.21 -718.04 -725.52 -727.71 -725.53 -724.25 -720.4399999999999 -710.9 -699.39 -693.94 -691.98 -690.57 -691.3199999999999 -689.73 -670.3000000000001 -664.29 -654.73 -643.37 -635.73 -632.86 -633.85 -636.9 -641.8000000000001 -650.17 -662.3199999999999 -672.9300000000001 -655.0799999999999 -641.27 -585.33 -534.33 -451.46 -344.61
18.04 22.07 48.42 38.61 31.490000000000002 51.980000000000004 48.58 7.19 -85.07000000000001 -178.24 -259.64 -346.86 -412.49 -443.59000000000003 -438.0 -416.56000000000006 -407.59 -416.28 -445.16999999999996 -496.11 -540.3299999999999 -564.39 -587.3000000000001 -611.2199999999999 -638.14 -662.45 -686.93 -703.0300000000001 -713.5600000000001 -726.53 -720.23 -721.87 -724.62 -712.75 -709.04 -702.9 -701.6700000000001 -698.89 -692.22 -688.21 -690.4 -674.93 -664.87 -659.1700000000001 -654.02 -653.28 -653.08 -655.16 -659.92 -674.92 -695.92 -709.9300000000001 -717.25 -716.17 -709.73 -669.37 -622.18 -519.7
-79.05 3.74 43.29 96.39 113.83000000000001 107.69 96.39999999999999 58.489999999999995 -34.260000000000005 -134.48 -227.98 -323.27 -404.62999999999994 -436.5 -437.31 -410.59999999999997 -389.14 -379.97 -391.07 -422.07 -470.0 -520.01 -547.85 -574.01 -594.1 -620.87 -645.0 -665.1 -686.25 -708.83 -727.14 -726.26 -721.48 -720.63 -712.51 -707.51 -703.84 -702.2 -699.11 -692.2900000000001 -690.23 -684.24 -681.85 -672.83 -670.2099999999999 -666.0 -666.13 -674.6800000000001 -685.03 -692.64 -708.96 -723.4200000000001 -747.22 -765.21 -777.7199999999999 -781.37 -762.39 -730.75
-243.57000000000002 -120.34 -41.959999999999994 55.02 131.76000000000002 125.82 111.63000000000001 84.87 2.56 -97.46000000000001 -183.10999999999999 -270.63 -368.97 -416.85999999999996 -429.71000000000004 -411.58000000000004 -358.78000000000003 -319.99 -319.78 -353.0 -408.5 -472.20000000000005 -521.1999999999999 -544.89 -554.65 -580.39 -600.05 -626.99 -651.7 -672.29 -697.74 -711.77 -714.6 -723.9300000000001 -707.48 -705.09 -704.54 -704.93 -704.13 -697.18 -690.9 -688.5699999999999 -687.26 -679.77 -680.02 -680.24 -680.0500000000001 -682.29 -688.53 -703.02 -726.16 -730.04 -747.56 -773.22 -793.85 -812.2400000000001 -828.67 -846.11
-420.19 -329.42 -246.62 -147.54 -26.63 71.08 69.58 57.410000000000004 -5.04 -80.12 -128.09 -156.97 -259.06 -352.56 -395.86 -382.27000000000004 -326.26 -251.24 -219.93 -259.61 -349.23 -437.53000000000003 -505.03999999999996 -516.76 -517.74 -535.3399999999999 -547.99 -559.37 -587.93 -628.9100000000001 -657.65 -686.58 -692.8 -691.43 -701.9 -706.74 -706.87 -703.36 -701.21 -700.54 -707.16 -694.8000000000001 -686.87 -692.6999999999999 -687.04 -684.97 -685.12 -686.99 -695.4 -706.02 -716.7900000000001 -731.1899999999999 -752.69 -771.86 -784.95 -799.0300000000001 -819.4100000000001 -845.5899999999999
-496.26 -469.54 -401.49999999999994 -335.71 -217.26999999999998 -15.67 35.21 35.64 5.07 -46.400000000000006 -48.71 -76.73 -132.12 -202.1 -267.66 -277.68 -259.18 -152.87 -106.25 -147.48000000000002 -249.77 -374.08000000000004 -447.88 -456.66 -434.15999999999997 -440.86 -480.65 -492.15 -529.5899999999999 -578.72 -607.3100000000001 -630.76 -655.71 -664.02 -676.5699999999999 -680.3 -689.01 -702.76 -702.47 -688.15 -681.89 -697.04 -689.5500000000001 -689.63 -688.25 -688.4699999999999 -688.5500000000001 -688.13 -690.6 -698.4499999999999 -713.9 -731.5 -745.24 -749.75 -763.54 -779.87 -799.4399999999999 -812.43
-576.1700000000001 -552.0 -532.72 -476.98 -367.24 -145.66 -20.62 59.01 18.86 -37.74 -40.29 -5.970000000000001 -35.04 -75.42999999999999 -157.31 -173.07999999999998 -189.57 -82.05 -17.79 -56.68 -122.19 -220.42000000000002 -303.75 -317.56 -271.42 -257.84 -310.51 -378.59 -421.06000000000006 -496.68 -536.8000000000001 -582.2199999999999 -604.24 -620.36 -637.19 -645.86 -653.06 -662.46 -667.23 -677.55 -660.62 -677.09 -679.35 -682.5 -681.11 -680.88 -681.69 -687.66 -690.19 -692.4000000000001 -706.2700000000001 -716.58 -729.4 -738.89 -744.66 -758.96 -765.8299999999999 -776.44
-626.31 -621.24 -602.73 -584.59 -501.15 -343.87 -178.83 -54.93 1.76 -50.72 -31.369999999999997 2.67 11.37 -26.369999999999997 -96.21 -93.31 -86.67 1.41 57.620000000000005 9.139999999999999 -51.85999999999999 -61.53999999999999 -133.95999999999998 -153.99 -143.09 -132.56 -131.29999999999998 -197.91 -238.92000000000002 -311.47 -386.93 -462.4 -519.77 -563.39 -573.75 -578.86 -583.95 -535.9 -536.85 -642.28 -640.77 -641.48 -661.38 -667.5799999999999 -662.34 -661.8100000000001 -666.88 -673.24 -675.5899999999999 -679.39 -687.06 -696.5600000000001 -704.53 -708.49 -715.12 -729.0 -736.64 -747.6600000000001
-659.13 -654.0600000000001 -628.08 -607.9200000000001 -592.0600000000001 -520.7900000000001 -405.95 -271.91999999999996 -185.65 -58.96 -39.64 -3.44 0.21 -43.11 -77.5 -57.79 10.17 79.78 31.66 -16.82 6.67 8.98 -16.36 -25.979999999999997 -60.4 -66.89 -46.02 -76.53 -117.52 -128.03 -197.29000000000002 -259.28 -339.75 -415.73 -438.64 -442.53999999999996 -515.66 -467.65 -500.57 -612.5200000000001 -602.5400000000001 -589.4300000000001 -623.9399999999999 -641.77 -636.0 -629.83 -634.91 -642.8499999999999 -645.56 -648.8100000000001 -647.4 -660.42 -669.17 -671.5799999999999 -681.75 -695.65 -691.43 -703.05
-673.8100000000001 -672.09 -645.24 -616.53 -604.26 -603.77 -591.61 -492.12 -408.22 -259.01 -120.15 -74.79 -74.76 -124.37 -103.64999999999999 -69.45 5.55 -22.0 -67.60000000000001 -30.56 4.67 9.28 7.430000000000001 39.57 7.430000000000001 7.42 -8.81 -45.06 -70.5 -74.4 -46.300000000000004 -46.78 -125.52000000000001 -250.55999999999997 -290.37 -291.57 -394.99 -489.05 -544.12 -555.5799999999999 -515.93 -480.29 -554.11 -581.55 -611.88 -603.6800000000001 -595.84 -602.74 -606.48 -607.2 -594.08 -598.3100000000001 -616.81 -642.72 -652.6 -651.88 -642.49 -629.48
-683.08 -684.72 -682.98 -666.12 -651.9 -640.1 -647.6 -671.1700000000001 -629.74 -570.69 -420.18000000000006 -333.19 -303.55 -268.05 -209.10000000000002 -149.85 -110.86 -169.57999999999998 -210.56 -152.63 -83.25 -81.57 -38.05 33.14 52.12 85.7 20.07 -47.910000000000004 -66.95 -38.37 -1.15 64.3 -34.83 -190.04000000000002 -264.64 -230.98999999999998 -239.26 -325.25 -388.84 -386.93 -342.2 -274.93 -404.2 -524.13 -558.75 -547.71 -538.13 -559.46 -563.9 -556.67 -544.3299999999999 -531.5699999999999 -556.42 -590.3299999999999 -610.68 -610.9499999999999 -593.5500000000001 -575.39
-699.87 -703.3000000000001 -703.4399999999999 -699.9100000000001 -692.21 -681.08 -662.39 -682.69 -716.43 -741.31 -747.09 -714.59 -654.91 -574.14 -428.27000000000004 -292.53999999999996 -258.91 -303.76 -353.64 -343.04 -293.43 -258.75 -183.38 -66.57 10.96 44.17 -29.549999999999997 -86.26 -79.25 -41.3 31.46 109.7 -10.299999999999999 -98.64 -118.42999999999999 -52.739999999999995 -27.88 -40.35 -89.63 -162.57999999999998 -169.66000000000003 -37.669999999999995 -215.57 -380.36 -447.68 -444.42 -422.48 -447.98 -504.02 -500.23 -482.8 -486.8 -497.49999999999994 -536.03 -566.0 -556.5400000000001 -518.4300000000001 -499.26000000000005
-711.38 -717.42 -719.57 -717.95 -711.0400000000001 -698.4200000000001 -670.81 -654.3199999999999 -682.29 -720.7900000000001 -754.19 -758.64 -722.38 -659.14 -565.5300000000001 -500.78 -486.47 -489.01000000000005 -510.14 -523.22 -510.46 -466.27 -372.83 -288.33000000000004 -238.78 -214.31 -196.52 -167.31 -136.71 -100.19 -27.67 12.809999999999999 -89.0 -130.07999999999998 -86.26 4.49 13.700000000000001 -5.680000000000001 -16.37 -21.82 52.669999999999995 149.51000000000002 -59.51 -224.96999999999997 -303.0 -254.46 -162.74 -194.23999999999998 -366.54 -410.41999999999996 -373.31 -413.74000000000007 -349.71000000000004 -368.05 -433.48 -455.75 -439.71 -454.21
-707.63 -712.29 -715.4499999999999 -713.04 -709.26 -699.02 -679.55 -654.5 -669.36 -685.04 -705.23 -721.6700000000001 -717.66 -712.1800000000001 -682.87 -639.62 -620.02 -613.32 -607.59 -611.86 -616.51 -598.4 -579.05 -565.18 -547.61 -508.14000000000004 -440.28000000000003 -343.93 -294.28999999999996 -267.75 -229.19 -256.21 -262.38 -244.45999999999998 -171.07000000000002 -68.54 -56.85 -92.42 -88.33 -32.28 49.7 25.52 -64.3 -65.64999999999999 -120.35 -40.760000000000005 76.72 45.14 -160.68 -205.92000000000002 -200.05 -293.86 -198.87 -177.93 -184.05 -199.12 -243.03 -314.67
