new/U.asc
NCOLS 221
NROWS 89
XLLCORNER 89.875
YLLCORNER -11.125
CELLSIZE 0.25
NODATA_VALUE -999
[rows 0 to 25 of 89, columns 0 to 57 of 221]
710.8100000000001 726.85 735.1899999999999 747.21 753.88 755.1 764.2 781.0500000000001 804.3100000000001 832.55 871.3100000000001 892.82 910.2600000000001 918.34 927.3 944.48 952.2500000000001 955.8 953.6899999999999 957.1099999999999 961.96 976.1100000000001 994.37 1007.65 1008.6499999999999 1007.2900000000001 1003.26 990.49 979.73 948.7399999999999 952.92 937.34 937.6200000000001 921.13 782.02 481.85 406.13 497.68999999999994 648.27 827.31 919.6 997.8999999999999 1022.51 1019.4000000000001 1020.11 993.98 996.47 967.8100000000001 961.6300000000001 934.3299999999999 919.6999999999999 907.8 744.27 582.34 605.92 361.62 282.56 287.43
719.01 733.9699999999999 741.88 752.84 760.29 769.14 780.02 794.53 819.4399999999999 840.5699999999999 873.04 887.6099999999999 893.6400000000001 903.6400000000001 920.8500000000001 940.66 956.3599999999999 964.05 963.3699999999999 969.97 973.08 983.5699999999999 1001.58 1013.9799999999999 1015.1500000000001 1013.47 1015.99 991.09 987.2199999999999 943.2 940.9599999999999 928.9 926.6 906.55 751.5500000000001 444.66999999999996 454.19 624.92 790.62 912.3100000000001 989.83 1011.1800000000001 1030.17 1017.55 1017.59 993.8599999999999 1009.68 991.36 988.3699999999999 966.86 945.76 924.9000000000001 908.03 880.28 799.23 431.33 354.40999999999997 326.65999999999997
722.9499999999999 738.63 752.15 763.36 770.16 780.41 794.7199999999999 808.1099999999999 822.05 834.91 868.98 878.16 884.72 894.5 910.17 930.1600000000001 950.84 968.4300000000001 966.3500000000001 976.4099999999999 981.17 993.4 1000.61 1012.53 1023.3299999999999 1017.3 1024.53 991.83 981.05 959.18 941.6800000000001 920.6099999999999 916.21 899.1400000000001 761.57 462.42 487.24 768.11 920.2400000000001 975.6999999999999 992.36 1005.24 1003.0099999999999 985.68 995.4499999999999 994.36 1007.79 997.81 994.6999999999999 982.08 961.51 937.5999999999999 921.25 963.02 839.0 594.98 760.71 689.9300000000001
730.63 749.13 764.28 775.45 781.1899999999999 789.01 802.4699999999999 816.9499999999999 829.8400000000001 833.77 856.11 861.7900000000001 875.5000000000001 886.4599999999999 898.5400000000001 915.66 933.7300000000001 954.4100000000001 956.5200000000001 977.59 974.7299999999999 990.84 1000.07 1014.78 1028.3799999999999 1019.92 1019.3 991.4999999999999 969.2 950.63 936.0799999999999 922.29 911.35 880.87 750.92 475.27 506.18999999999994 800.3199999999999 918.68 957.3600000000001 971.3800000000001 970.54 961.6099999999999 959.68 952.76 960.88 979.1499999999999 973.18 969.4200000000001 953.4200000000001 943.57 934.2499999999999 909.98 908.15 922.61 882.08 1027.3300000000002 983.8100000000001
741.76 763.0899999999999 777.38 789.04 798.0699999999999 807.8799999999999 817.1099999999999 819.88 822.87 829.81 846.81 856.5400000000001 878.33 888.2099999999999 893.01 901.6299999999999 911.5 939.9599999999999 944.9999999999999 969.2299999999999 965.56 978.11 989.7399999999999 1001.0400000000001 1012.35 1015.2900000000001 1006.79 978.1700000000001 965.23 945.5 929.86 909.2 901.53 881.1600000000001 755.61 496.23 499.33 688.59 799.3000000000001 866.9399999999999 896.47 906.26 908.91 917.75 919.57 925.18 924.9499999999999 929.1999999999999 930.03 920.2199999999999 909.8800000000001 907.1099999999999 913.41 904.57 919.4100000000001 910.19 932.65 944.95
752.96 772.9499999999999 786.36 799.24 808.7300000000001 817.8800000000001 824.38 825.36 818.3299999999999 822.23 838.1500000000001 847.64 863.5500000000001 867.0500000000001 871.5500000000001 879.24 888.06 911.77 922.7499999999999 944.2 956.83 966.2699999999999 975.22 984.01 987.66 986.49 977.15 952.92 940.02 936.9300000000001 928.51 918.12 908.26 835.1800000000001 651.72 469.06 465.90999999999997 610.03 738.03 800.23 847.3900000000001 871.29 879.05 872.46 875.2 880.9 879.85 887.81 886.67 897.63 897.22 892.6 890.9599999999999 887.95 882.5300000000001 890.9399999999999 878.09 881.63
755.1 779.57 795.09 806.42 814.1400000000001 815.18 818.8499999999999 813.89 809.34 812.29 828.48 839.09 846.35 851.6 857.1400000000001 863.86 873.05 887.35 909.58 922.09 937.49 952.2299999999999 960.4100000000001 961.27 961.76 944.0699999999999 932.63 918.59 918.8700000000001 927.99 926.4200000000001 922.08 863.3100000000001 751.15 473.24 390.03000000000003 403.15000000000003 495.07000000000005 638.76 729.47 782.4 809.35 808.41 814.1 816.17 815.41 833.26 843.52 855.27 862.87 870.2199999999999 869.3899999999999 864.7399999999999 864.4399999999999 858.6800000000001 857.1999999999999 843.0899999999999 852.99
752.64 779.19 799.57 809.9 807.6599999999999 808.15 802.59 798.25 797.82 800.7099999999999 813.6100000000001 828.92 835.21 846.47 852.4300000000001 865.18 878.12 879.73 899.3199999999999 907.41 923.8 936.0300000000001 937.0699999999999 937.3 927.66 915.42 911.0400000000001 904.4399999999999 907.05 925.59 923.45 923.09 864.1600000000001 643.31 361.61 374.38 357.24 360.43 432.25 509.21000000000004 594.6 626.25 679.6800000000001 691.86 715.91 735.65 768.53 789.49 808.1099999999999 826.12 833.52 834.77 828.9300000000001 825.5000000000001 824.7199999999999 830.09 820.97 827.8100000000001
750.11 775.75 795.9100000000001 805.1999999999999 802.95 790.8000000000001 784.8900000000001 782.98 782.36 789.67 796.1700000000001 814.32 822.9499999999999 834.31 846.5 859.22 874.41 875.55 889.41 894.35 911.0400000000001 914.1899999999999 915.54 910.1800000000001 900.46 903.37 899.2800000000001 905.84 902.54 919.0699999999999 918.0899999999999 916.24 853.98 634.41 365.61 386.91 314.54 226.35999999999999 281.04 280.88 363.17 437.7 492.82000000000005 566.76 611.93 669.22 716.92 748.64 780.54 798.78 811.36 812.7 810.49 807.81 803.48 809.68 807.1400000000001 811.11
742.92 767.26 785.65 795.0 792.95 780.76 767.7800000000001 766.5 764.29 775.62 778.52 799.12 808.46 820.47 832.6599999999999 843.59 857.79 866.3299999999999 880.09 881.1999999999999 893.4699999999999 894.4699999999999 896.7599999999999 891.42 888.72 894.05 893.2700000000001 909.34 903.31 913.5699999999999 913.72 892.1200000000001 829.8199999999999 619.73 352.57 353.22 277.45000000000005 183.89 230.09 216.42000000000002 204.69 279.27 407.74 495.76000000000005 585.17 662.09 714.86 766.2 794.9200000000001 814.1500000000001 826.75 820.6300000000001 820.4200000000001 818.0300000000001 812.91 808.77 810.29 812.26
727.36 749.0300000000001 768.44 775.0899999999999 773.9300000000001 761.46 746.88 747.5500000000001 744.78 755.87 758.95 780.24 791.28 801.16 812.27 823.01 841.44 853.87 867.8800000000001 861.48 870.19 869.34 871.65 872.5400000000001 871.02 886.6899999999999 890.87 912.06 911.7800000000001 919.8199999999999 903.76 886.4100000000001 834.3299999999999 621.44 337.59000000000003 319.66 268.86 221.13 250.55 231.17000000000002 209.26 311.28 443.21000000000004 555.74 651.83 732.9100000000001 778.81 827.8000000000001 844.31 865.25 863.9599999999999 852.4699999999999 841.0600000000001 830.65 834.46 821.0100000000001 819.6899999999999 809.76
711.26 725.72 745.55 751.25 749.79 738.25 727.18 727.48 727.36 736.74 744.35 755.0500000000001 764.13 780.4599999999999 794.8199999999999 810.77 830.1700000000001 837.67 846.52 838.1500000000001 839.9300000000001 842.44 851.18 854.66 861.7 876.0999999999999 893.72 916.1099999999999 921.1800000000001 923.9000000000001 899.8699999999999 888.3 841.09 731.24 500.54999999999995 407.96000000000004 300.68 269.63 253.24 250.57 301.48 435.85 602.11 707.5999999999999 764.3399999999999 830.09 860.4300000000001 884.9399999999999 893.74 899.24 893.99 877.8000000000001 870.7700000000001 840.97 835.53 815.8799999999999 812.57 796.96
698.1600000000001 706.38 720.81 723.1 721.26 716.1800000000001 710.4599999999999 711.03 713.82 721.3599999999999 722.89 724.01 728.46 751.41 777.38 796.33 813.88 824.15 821.3699999999999 808.7099999999999 811.51 827.17 841.93 854.5400000000001 867.2900000000001 881.79 896.24 912.05 915.02 910.7900000000001 903.3799999999999 894.93 882.82 863.7700000000001 828.6899999999999 719.59 434.79 301.57 325.15 402.59000000000003 459.78000000000003 571.82 727.4 805.7399999999999 832.86 866.6999999999999 869.74 896.2199999999999 896.9200000000001 896.57 888.86 869.3199999999999 850.78 827.76 813.7600000000001 792.14 785.33 774.46
684.46 688.36 693.44 694.5400000000001 695.7900000000001 696.1999999999999 695.34 698.27 700.57 704.8 698.76 698.41 707.52 729.33 756.01 777.1899999999999 788.86 793.0799999999999 786.8100000000001 782.11 786.84 805.34 827.3 848.1600000000001 865.17 880.5600000000001 890.39 901.0600000000001 912.95 903.81 896.1800000000001 882.7299999999999 869.34 864.42 873.9200000000001 842.74 697.04 410.54 325.68 367.76 414.43 521.55 675.3199999999999 740.47 751.78 812.2400000000001 831.48 849.0999999999999 854.47 856.63 857.1099999999999 846.03 822.7499999999999 795.47 767.41 753.59 740.35 717.3199999999999
662.24 665.51 665.49 665.5 670.28 673.89 678.52 683.28 684.15 685.28 676.82 670.0999999999999 683.07 704.7900000000001 730.1999999999999 749.9799999999999 758.42 748.4499999999999 741.46 742.72 751.51 768.9 798.62 827.16 855.0000000000001 871.9200000000001 888.02 893.72 903.31 906.18 894.99 870.9899999999999 850.47 821.2099999999999 801.51 794.37 814.9499999999999 619.9200000000001 346.32 280.94 258.52 352.84 502.09999999999997 608.03 686.55 732.1500000000001 767.64 790.29 806.39 804.19 797.23 786.63 767.24 733.73 702.82 679.75 666.96 651.25
635.15 636.18 638.77 643.37 648.53 655.54 660.53 664.5 668.49 661.57 645.14 639.8100000000001 656.9399999999999 676.9499999999999 693.99 711.52 716.5899999999999 700.84 689.98 699.28 715.87 747.63 777.29 813.25 842.95 865.38 884.4 892.37 891.79 888.9099999999999 869.6899999999999 845.2199999999999 811.2399999999999 778.9399999999999 768.58 750.1999999999999 746.73 737.4 523.53 303.09 251.09 245.27999999999997 365.8 504.73999999999995 598.49 636.4499999999999 707.8000000000001 722.77 726.02 725.73 718.41 707.9399999999999 687.64 656.52 631.18 603.5999999999999 581.9200000000001 568.78
602.7199999999999 604.87 610.65 617.75 625.98 633.03 639.0600000000001 642.33 642.44 628.01 607.65 606.09 622.64 639.12 655.6700000000001 665.8100000000001 670.52 654.5899999999999 647.02 661.87 682.41 717.2900000000001 763.44 800.0 834.58 858.36 877.5600000000001 882.8900000000001 871.27 851.4699999999999 830.5500000000001 803.5 769.24 722.11 698.9 685.22 657.74 674.47 614.5 393.48 235.65 225.11999999999998 231.40999999999997 339.96 391.90999999999997 433.92999999999995 538.9300000000001 612.04 619.96 615.3100000000001 607.5300000000001 601.6700000000001 585.29 570.13 540.88 516.88 495.09 484.91999999999996
566.7099999999999 574.22 580.89 592.6 600.85 610.1 616.3000000000001 614.62 610.0 584.7800000000001 563.9300000000001 564.88 584.31 600.91 609.84 619.73 623.18 612.22 607.56 622.0699999999999 645.55 692.2900000000001 738.6899999999999 784.63 819.22 850.79 870.1599999999999 862.6899999999999 829.9300000000001 799.72 757.1500000000001 728.85 693.5699999999999 647.83 610.23 596.1 577.62 574.22 561.25 439.10999999999996 281.46 194.57 198.60999999999999 206.32999999999998 240.39999999999998 252.01 314.8 406.32 477.83 474.4 487.34000000000003 482.39 480.67 473.01 444.03 421.35999999999996 404.07 417.03999999999996
530.0799999999999 540.54 550.74 562.31 572.13 581.39 587.2 585.64 569.5 535.68 515.59 521.79 541.81 561.18 570.0999999999999 572.37 573.47 567.34 561.4499999999999 572.64 606.86 655.71 716.66 762.6 804.4000000000001 837.73 835.55 809.3 759.4 696.3 649.77 594.89 559.6 534.99 499.83000000000004 481.18999999999994 475.31999999999994 475.73999999999995 477.21999999999997 376.57 331.83 244.89000000000001 171.95 166.98 188.85 164.48000000000002 161.5 197.45 282.06 329.64000000000004 342.6 370.6 370.1 365.9 344.69 326.88 331.5 350.85
495.79 505.18 517.65 529.5600000000001 540.54 547.13 551.8399999999999 545.8000000000001 527.9200000000001 485.93 468.59000000000003 478.08000000000004 503.21 522.32 531.85 535.5 519.8299999999999 509.71000000000004 498.58000000000004 508.76 547.7 617.87 681.4499999999999 734.1999999999999 779.76 772.34 750.6800000000001 681.53 609.53 532.98 474.74 420.45000000000005 393.21999999999997 363.59 357.81 349.16999999999996 344.24 366.39 344.69 299.29 280.35 226.92999999999998 144.2 132.42000000000002 156.31 122.08000000000001 102.69999999999999 93.58999999999999 120.05999999999999 174.19 213.98000000000002 247.39 270.94 260.95 248.65 253.87 274.28 326.86
463.79 472.96 487.57 499.46999999999997 508.11 512.78 512.66 505.79 482.74999999999994 442.15 432.97999999999996 448.28000000000003 473.65000000000003 491.08 499.11 486.85999999999996 465.44 429.69 408.45000000000005 417.15999999999997 459.68 548.58 624.76 671.5600000000001 673.67 647.73 556.98 443.33 350.81 301.96999999999997 244.58 228.84000000000003 214.76999999999998 205.96 199.88 216.29 209.45999999999998 232.26 238.35000000000002 222.14000000000001 225.92 168.86 85.46000000000001 71.26 103.21000000000001 84.65 95.04 69.38 64.75999999999999 67.69 106.26 159.56 202.73 188.75 178.85 201.43 251.5 308.08
423.86999999999995 439.15 455.15999999999997 472.15999999999997 479.22 479.73999999999995 478.33 467.69 439.03999999999996 411.28999999999996 411.66 424.38 443.40000000000003 457.96000000000004 452.48 426.71999999999997 383.72 334.92 295.21000000000004 287.59000000000003 323.24 404.29 464.21000000000004 479.76 467.34 408.04 253.57 84.73 26.46 47.04 65.19 65.81 70.81 78.02 75.42999999999999 82.16 86.5 98.48 131.36 141.18 128.53 82.02000000000001 31.019999999999996 41.46 79.78 78.69 98.67 83.91 41.77 25.81 46.660000000000004 87.99 118.42999999999999 110.62 128.29 178.32 239.88 302.11
382.16 412.88 433.89 448.80000000000007 452.48999999999995 452.27000000000004 450.04 434.77 406.29 388.7 389.29 398.05 408.54999999999995 410.95 388.87 344.8 281.53999999999996 223.49 181.09 126.91 97.04 124.56 154.43 154.94 151.03 125.01 -8.42 -107.65 -101.96000000000001 -91.8 -62.18 -43.86 -28.439999999999998 -19.33 -21.67 -20.77 9.25 17.740000000000002 19.97 22.95 37.54 45.08 30.880000000000003 38.879999999999995 76.92999999999999 59.199999999999996 80.21000000000001 75.76 25.96 22.720000000000002 39.800000000000004 44.01 41.39 50.370000000000005 90.86999999999999 160.51 226.58999999999997 283.09000000000003
358.34999999999997 393.42 416.3 427.56 428.28 428.33 423.42 404.19 377.28000000000003 359.13 357.02 355.53 359.71000000000004 342.7 308.21 244.70000000000002 176.97 112.99 63.93 -17.04 -95.30999999999999 -54.04 48.089999999999996 74.15 55.06999999999999 27.650000000000002 -8.04 -44.96 -44.37 -89.12 -89.1 -108.28 -110.35999999999999 -111.96 -108.33999999999999 -77.56 -34.74 -9.87 3.52 12.809999999999999 30.84 25.75 1.5699999999999998 19.53 53.1 38.71 82.80999999999999 68.28999999999999 22.15 25.11 44.01 36.03 22.36 17.71 71.58 150.22 215.51 271.03000000000003
343.71999999999997 375.77 393.71 397.90000000000003 398.25 394.9 387.91 367.26 344.05 320.05 311.4 305.99 292.24 269.34999999999997 213.58 147.99 85.57000000000001 24.740000000000002 -34.23 -116.07000000000001 -216.86999999999998 -216.16 -99.7 1.6 1.68 30.59 48.17 34.18 10.63 -17.82 -38.4 -70.28999999999999 -121.91000000000001 -133.85 -124.66999999999999 -82.96 -34.910000000000004 -5.42 18.9 43.24 56.06 18.73 -13.91 1.5 24.23 37.79 100.11000000000001 75.9 37.54 30.59 42.370000000000005 41.27 30.459999999999997 12.920000000000002 64.67 140.63000000000002 202.28000000000003 250.59
322.78 347.65000000000003 353.13 356.63 352.67 348.82 335.02 314.77 296.94 272.39 259.52000000000004 247.32 227.44 179.78 124.03 69.91000000000001 11.17 -39.83 -107.74 -174.89 -257.83 -274.21999999999997 -188.73 -87.05000000000001 -41.13 -12.41 56.65 81.51 68.71000000000001 34.55 12.78 -9.84 -59.62 -100.85 -102.28999999999999 -76.62 -25.319999999999997 19.99 78.86 102.08999999999999 81.33 40.300000000000004 -28.42 -18.15 2.07 50.739999999999995 116.21 53.06999999999999 18.279999999999998 19.439999999999998 32.08 57.96 56.2 28.88 61.58 134.03 188.51 235.51000000000002
