new/U.asc
NCOLS 221
NROWS 89
XLLCORNER 89.875
YLLCORNER -11.125
CELLSIZE 0.25
NODATA_VALUE -999
[rows 52 to 77 of 89, columns 0 to 57 of 221]
-600.34 -604.38 -608.13 -607.54 -603.16 -595.74 -583.4100000000001 -572.01 -561.26 -555.15 -549.97 -543.9499999999999 -535.6600000000001 -524.59 -514.3 -505.48 -498.61 -494.96000000000004 -490.85 -485.29 -477.66 -466.27 -454.53000000000003 -442.23 -429.65 -417.03000000000003 -404.56000000000006 -392.95 -384.11 -372.06 -360.17 -352.15999999999997 -346.45 -338.92 -334.6 -325.59999999999997 -294.07 -263.37 -239.89 -266.83 -303.08000000000004 -349.43 -366.31 -237.85 -36.730000000000004 38.01 41.160000000000004 5.52 -14.790000000000001 -31.259999999999998 -36.27 -30.79 -27.63 -61.660000000000004 -119.61 -147.53 -155.29 -177.69
-625.15 -627.6500000000001 -631.56 -630.12 -625.5600000000001 -614.5699999999999 -602.11 -590.02 -578.87 -572.18 -567.03 -560.5 -550.16 -539.2 -528.58 -519.75 -513.86 -510.37 -508.46 -504.46 -497.11999999999995 -485.17 -473.28999999999996 -463.1 -450.87 -438.90000000000003 -426.59000000000003 -416.09999999999997 -405.53999999999996 -394.87 -387.58 -379.48 -369.53999999999996 -361.5 -350.65 -337.78999999999996 -323.4 -298.65 -271.55 -263.07 -297.21000000000004 -339.59000000000003 -357.78 -303.73 -121.82 -7.85 48.42 26.640000000000004 -10.31 -28.13 -33.48 -26.919999999999998 -15.370000000000001 -47.5 -113.39999999999999 -165.73 -174.6 -176.54000000000002
-649.36 -651.21 -653.4200000000001 -651.9300000000001 -646.4000000000001 -635.4 -622.14 -610.1 -599.54 -592.13 -585.14 -577.21 -566.47 -555.09 -544.46 -535.72 -529.7900000000001 -525.93 -525.98 -522.21 -514.48 -502.46000000000004 -489.05 -478.85999999999996 -469.96000000000004 -458.34999999999997 -445.45000000000005 -435.21000000000004 -423.73 -416.81 -410.51 -406.94 -397.0 -383.04 -372.5 -356.01 -343.96 -324.28 -311.03000000000003 -290.95 -245.45 -287.82 -367.83000000000004 -326.19 -213.54999999999998 -77.53 17.49 42.29 6.329999999999999 -22.27 -27.62 -13.71 0.47000000000000003 -32.51 -107.47 -175.6 -198.73000000000002 -200.26999999999998
-671.8 -674.15 -675.1 -671.6800000000001 -666.4399999999999 -656.25 -643.11 -632.4499999999999 -622.65 -613.89 -603.78 -595.61 -583.57 -572.0799999999999 -562.38 -553.74 -547.6600000000001 -542.92 -543.29 -539.6 -531.4 -518.0699999999999 -504.54999999999995 -493.02000000000004 -483.54999999999995 -476.14 -463.76 -452.75 -441.54 -436.76000000000005 -432.85999999999996 -430.58 -421.7 -407.38000000000005 -391.67 -374.78 -364.51 -344.11 -340.12 -313.05 -256.34999999999997 -257.92 -340.78 -380.35 -313.73 -196.15 -44.39 5.1 56.720000000000006 22.99 -16.1 -6.15 12.770000000000001 -19.31 -106.60000000000001 -186.3 -211.89 -216.07
-694.16 -697.0500000000001 -696.44 -692.24 -684.43 -673.99 -663.04 -654.13 -644.91 -635.15 -624.73 -613.5699999999999 -601.15 -591.62 -582.5 -573.82 -567.82 -562.01 -560.37 -555.13 -546.65 -532.08 -519.08 -507.87000000000006 -498.67999999999995 -492.07 -482.66999999999996 -472.87 -461.13 -458.65999999999997 -454.90000000000003 -450.02000000000004 -440.33 -426.11 -411.35 -390.8 -380.29 -361.37 -361.76 -359.02 -340.72 -332.49 -338.81 -354.45000000000005 -377.31 -329.7 -163.32999999999998 -35.410000000000004 44.59 69.43 25.629999999999995 0.73 14.099999999999998 -19.79 -101.89999999999999 -186.1 -215.45999999999998 -228.94
-717.4699999999999 -719.12 -718.23 -712.34 -703.63 -692.45 -681.7 -673.5400000000001 -664.89 -655.21 -644.3399999999999 -633.65 -622.5 -613.51 -605.5799999999999 -597.0699999999999 -589.21 -582.19 -579.44 -569.22 -561.57 -548.39 -534.1899999999999 -521.6999999999999 -512.98 -507.97999999999996 -499.12 -493.93 -482.59 -477.36 -471.15 -466.66999999999996 -457.46000000000004 -442.63000000000005 -427.15 -408.7 -395.35 -380.88 -367.44 -366.62 -363.85999999999996 -353.82 -340.3 -331.28000000000003 -348.34000000000003 -373.72 -314.75 -150.67 4.54 66.53999999999999 66.02 37.76 14.78 -14.180000000000001 -112.31 -181.32 -218.1 -234.01000000000002
-739.5 -740.98 -740.1500000000001 -731.9399999999999 -720.62 -708.71 -698.4300000000001 -690.0 -680.41 -671.59 -660.12 -651.27 -642.57 -635.26 -628.69 -621.48 -613.4699999999999 -603.7 -597.88 -585.9300000000001 -574.3299999999999 -561.78 -550.65 -540.27 -530.87 -524.02 -517.1999999999999 -512.15 -501.36 -495.59 -486.33 -478.12 -468.37 -454.68 -439.30999999999995 -425.8 -408.85999999999996 -396.49 -389.99 -381.53000000000003 -370.83 -356.18 -344.79 -341.79 -339.06 -347.33 -367.4 -297.65999999999997 -140.3 6.4799999999999995 79.07 68.83 33.019999999999996 -5.140000000000001 -131.87 -178.94 -220.92999999999998 -244.95
-761.51 -760.9399999999999 -756.35 -748.85 -738.9300000000001 -727.17 -715.46 -705.73 -693.39 -684.9300000000001 -676.4599999999999 -669.8000000000001 -662.4100000000001 -658.19 -652.29 -644.09 -635.8 -627.13 -616.15 -602.52 -589.5 -575.9699999999999 -564.04 -553.48 -543.61 -536.1500000000001 -532.74 -528.05 -518.32 -510.12000000000006 -501.41999999999996 -490.39 -479.5 -467.99 -454.57 -438.64 -424.49 -410.85 -402.71999999999997 -393.43 -388.32 -377.12 -358.70000000000005 -344.91 -342.89 -354.09000000000003 -367.42 -392.56 -293.08 -121.76 16.76 96.72 74.83999999999999 -1.9900000000000002 -126.47999999999999 -170.01999999999998 -209.26999999999998 -243.36
-779.03 -776.85 -772.02 -762.61 -753.13 -742.8499999999999 -731.26 -718.13 -705.85 -697.6600000000001 -691.0999999999999 -686.38 -682.72 -678.7 -674.4399999999999 -667.01 -657.89 -648.49 -635.03 -617.93 -603.58 -589.96 -577.38 -565.58 -555.68 -547.87 -543.03 -537.72 -531.62 -522.0500000000001 -512.0 -501.70000000000005 -490.66999999999996 -478.64000000000004 -463.83 -445.74999999999994 -435.33 -429.53000000000003 -423.25 -410.86 -401.83 -391.84000000000003 -377.49 -365.96999999999997 -354.87 -366.01 -370.2 -394.15 -403.85 -273.69 -115.05000000000001 -1.52 78.09 2.48 -94.62 -136.71 -170.47 -225.11999999999998
-794.8100000000001 -790.86 -785.51 -776.18 -766.51 -756.18 -743.24 -729.6999999999999 -717.6 -710.15 -706.13 -703.92 -701.23 -698.7199999999999 -694.3399999999999 -687.29 -678.54 -667.88 -654.52 -637.71 -620.6800000000001 -605.65 -589.38 -577.18 -564.75 -556.0500000000001 -549.67 -544.52 -538.49 -531.63 -521.66 -512.03 -500.76 -484.04999999999995 -467.53999999999996 -455.22999999999996 -447.95 -443.21000000000004 -437.3 -427.58000000000004 -418.57 -408.0 -395.04 -384.64 -368.9 -373.26 -382.39 -398.62 -416.11 -439.74 -298.25 -147.85 -40.39 27.439999999999998 -29.659999999999997 -66.53 -82.16 -157.31
-809.31 -804.4499999999999 -798.64 -789.53 -779.48 -764.26 -751.01 -738.95 -727.88 -721.83 -721.38 -719.97 -719.6 -717.13 -711.54 -704.4 -697.65 -687.99 -674.78 -657.89 -640.37 -621.66 -605.1700000000001 -588.25 -575.65 -564.23 -556.37 -551.01 -544.03 -538.02 -529.72 -519.93 -506.59999999999997 -489.95 -474.93 -465.16 -461.66 -459.53 -453.59999999999997 -444.42 -435.40999999999997 -423.89 -411.28 -401.75 -391.05 -388.85999999999996 -397.43 -412.26000000000005 -430.09000000000003 -454.22 -482.12 -342.52 -188.29 -57.379999999999995 2.48 16.04 -3.71 -85.58
-822.3800000000001 -818.2600000000001 -812.6099999999999 -803.31 -786.95 -771.76 -756.61 -744.88 -737.5600000000001 -733.06 -733.78 -735.85 -735.62 -732.99 -727.4200000000001 -720.55 -714.0500000000001 -706.5 -694.74 -678.09 -659.72 -640.46 -619.16 -602.24 -586.51 -575.1 -565.38 -559.12 -551.94 -544.78 -536.63 -525.91 -512.5899999999999 -499.03000000000003 -484.67 -478.40999999999997 -475.39 -473.71999999999997 -469.71999999999997 -460.24 -449.31 -437.77 -428.40999999999997 -417.58 -414.52 -413.22 -419.59999999999997 -430.72999999999996 -446.27 -455.46 -483.34000000000003 -508.53000000000003 -382.55 -233.78 -90.61 -0.26 44.93 -28.62
-834.75 -831.7500000000001 -826.6700000000001 -813.7499999999999 -796.54 -777.8 -762.5899999999999 -751.24 -745.3199999999999 -742.7800000000001 -743.9300000000001 -747.97 -749.64 -746.72 -741.53 -734.9300000000001 -727.23 -719.21 -710.12 -695.93 -676.99 -657.35 -635.4499999999999 -614.24 -597.72 -585.56 -576.48 -568.33 -561.24 -552.84 -544.01 -533.1999999999999 -521.89 -508.24999999999994 -497.68 -492.80999999999995 -488.39 -484.29 -481.03999999999996 -475.57 -463.53999999999996 -454.34000000000003 -446.28 -438.99 -435.74 -437.04999999999995 -447.70000000000005 -454.62999999999994 -465.77000000000004 -469.75 -479.12 -503.99 -522.34 -437.15999999999997 -309.41999999999996 -133.10999999999999 -29.53 26.840000000000003
-847.11 -844.2 -836.37 -822.86 -804.3900000000001 -785.18 -769.32 -757.99 -750.87 -748.67 -752.06 -755.94 -758.19 -757.3299999999999 -752.35 -744.24 -736.1 -726.9499999999999 -716.7900000000001 -704.16 -688.98 -670.1800000000001 -650.3 -628.98 -610.1 -595.76 -585.38 -575.66 -568.0699999999999 -559.33 -550.22 -542.41 -532.4 -521.52 -509.8 -503.12 -499.07000000000005 -497.33 -490.96999999999997 -485.66 -478.13 -469.85 -464.43 -459.53999999999996 -459.65 -457.61 -469.37 -473.09000000000003 -483.4 -494.01 -502.01000000000005 -509.22999999999996 -522.6 -538.74 -513.05 -351.03 -170.60999999999999 -49.02
-857.64 -854.13 -843.8399999999999 -828.81 -810.4200000000001 -792.86 -777.6 -764.77 -754.81 -752.33 -759.39 -760.75 -761.11 -760.61 -756.9 -748.56 -738.39 -729.11 -717.6700000000001 -705.88 -691.61 -677.3 -659.0 -640.18 -621.89 -605.24 -592.05 -579.8199999999999 -572.59 -564.72 -557.8000000000001 -551.02 -544.25 -535.8299999999999 -526.53 -520.4 -507.96000000000004 -502.95 -500.02000000000004 -495.89 -489.84 -485.1 -481.15 -477.93 -478.73 -479.72 -488.48 -497.49 -502.15 -508.48 -519.01 -531.48 -536.88 -534.02 -543.33 -517.1800000000001 -370.63 -216.51
-862.14 -855.03 -844.13 -828.9 -811.8600000000001 -798.4200000000001 -786.5 -770.75 -755.49 -751.1999999999999 -752.6500000000001 -751.8 -753.59 -753.6800000000001 -752.13 -747.18 -736.5300000000001 -723.11 -707.0 -698.39 -687.67 -677.5400000000001 -663.51 -647.38 -631.12 -616.06 -602.38 -589.04 -580.91 -570.06 -565.01 -560.58 -554.91 -546.92 -537.57 -531.22 -521.96 -514.3 -510.09000000000003 -508.81 -504.92999999999995 -501.43000000000006 -500.34999999999997 -500.83000000000004 -502.18999999999994 -509.30999999999995 -509.88 -513.0899999999999 -518.9 -524.69 -528.98 -535.3100000000001 -543.96 -546.6 -531.72 -530.15 -499.81 -398.96
-865.4999999999999 -854.6200000000001 -838.9200000000001 -824.23 -808.59 -796.03 -787.19 -775.17 -766.63 -764.38 -763.33 -758.74 -756.74 -750.25 -744.68 -735.59 -723.2 -712.12 -697.75 -692.02 -682.18 -670.08 -657.2 -644.56 -634.13 -620.99 -609.39 -597.0500000000001 -589.44 -577.4 -570.99 -566.5 -561.8000000000001 -556.37 -548.3100000000001 -536.12 -524.22 -519.61 -517.77 -519.52 -521.71 -519.12 -515.96 -516.46 -520.39 -527.01 -531.9300000000001 -535.77 -536.74 -537.42 -542.57 -549.84 -555.03 -559.45 -557.28 -537.38 -515.64 -475.34999999999997
-867.0400000000001 -855.7499999999999 -838.28 -819.4300000000001 -803.66 -792.14 -783.88 -779.0 -774.49 -772.8 -772.77 -769.4200000000001 -762.94 -753.97 -740.27 -728.89 -712.94 -700.76 -689.97 -683.6700000000001 -672.25 -661.8299999999999 -650.52 -643.04 -633.81 -623.89 -613.81 -601.41 -590.71 -579.4100000000001 -572.94 -569.4200000000001 -566.38 -560.53 -550.5899999999999 -539.71 -528.9399999999999 -527.41 -530.6 -539.15 -542.5500000000001 -541.95 -538.6700000000001 -537.07 -541.13 -543.4599999999999 -550.46 -556.28 -561.46 -560.29 -557.19 -561.63 -570.7099999999999 -573.3 -573.5 -567.03 -545.3199999999999 -529.81
-865.4999999999999 -853.3799999999999 -835.0699999999999 -816.16 -799.87 -788.63 -784.42 -780.4 -779.8199999999999 -777.91 -776.5 -772.02 -765.67 -754.12 -740.4200000000001 -726.1899999999999 -710.63 -694.78 -682.07 -672.04 -659.0799999999999 -650.04 -643.0600000000001 -635.72 -630.75 -622.72 -616.72 -607.01 -597.52 -589.37 -582.54 -577.51 -574.48 -569.06 -558.48 -546.51 -539.51 -540.73 -546.63 -556.65 -565.96 -565.8199999999999 -562.01 -559.65 -562.46 -563.82 -571.23 -576.63 -581.36 -584.98 -582.5 -579.71 -584.01 -590.48 -590.88 -588.37 -588.27 -577.67
-862.7700000000001 -848.1899999999999 -831.1299999999999 -817.75 -801.6600000000001 -791.53 -787.06 -784.52 -784.15 -781.5400000000001 -778.11 -772.0 -763.24 -751.97 -740.1 -725.89 -709.53 -693.62 -678.87 -664.5 -651.01 -639.98 -632.98 -627.28 -622.49 -621.42 -617.1899999999999 -611.75 -607.36 -601.91 -600.34 -595.19 -589.52 -583.7900000000001 -574.05 -562.49 -556.39 -559.7 -564.75 -574.97 -584.5500000000001 -590.77 -587.39 -583.94 -586.36 -587.58 -591.19 -596.62 -598.56 -601.68 -606.04 -604.4 -602.17 -607.76 -615.0 -617.03 -620.99 -627.5
-860.44 -846.79 -834.9 -822.7600000000001 -811.4300000000001 -801.29 -794.67 -791.99 -790.96 -787.72 -782.24 -773.71 -764.62 -753.17 -741.3299999999999 -726.68 -710.1899999999999 -695.3000000000001 -680.1800000000001 -664.37 -649.0300000000001 -636.8100000000001 -625.6800000000001 -620.0 -617.1899999999999 -616.94 -618.27 -616.64 -617.0799999999999 -617.0799999999999 -616.3299999999999 -614.33 -608.64 -602.84 -593.5699999999999 -585.41 -578.21 -580.6600000000001 -582.79 -592.33 -601.78 -608.01 -609.6700000000001 -606.28 -607.38 -610.69 -611.95 -612.73 -614.63 -616.77 -621.13 -625.45 -623.55 -627.4499999999999 -637.09 -644.3 -648.67 -656.46
-862.47 -854.13 -844.77 -832.48 -821.5500000000001 -812.4100000000001 -805.8299999999999 -801.24 -799.9399999999999 -796.99 -789.4300000000001 -781.21 -771.0899999999999 -759.1999999999999 -744.8100000000001 -730.0600000000001 -713.83 -698.96 -683.03 -667.1 -651.1899999999999 -636.01 -624.6800000000001 -618.87 -615.7 -616.28 -619.87 -622.88 -626.8399999999999 -627.4499999999999 -627.17 -626.01 -625.53 -620.12 -615.13 -609.25 -603.47 -601.97 -602.3399999999999 -605.8 -615.4499999999999 -625.16 -627.64 -622.5699999999999 -621.81 -626.52 -631.89 -628.95 -631.17 -633.75 -635.9 -638.97 -641.3299999999999 -646.19 -651.29 -661.8100000000001 -665.38 -671.42
-872.8 -866.45 -857.3299999999999 -844.4599999999999 -831.5200000000001 -822.27 -814.9300000000001 -809.9399999999999 -806.9699999999999 -805.52 -799.86 -791.89 -780.44 -766.08 -751.32 -735.6600000000001 -719.26 -703.56 -686.78 -670.98 -653.3299999999999 -637.93 -628.67 -623.68 -621.74 -621.28 -624.96 -628.46 -630.53 -631.1 -631.42 -632.25 -632.54 -633.22 -631.2299999999999 -631.36 -628.8199999999999 -623.97 -619.11 -621.85 -630.71 -640.61 -644.4300000000001 -639.64 -635.1 -633.92 -645.05 -648.4200000000001 -647.24 -646.55 -648.75 -650.82 -652.28 -657.35 -662.63 -671.39 -672.86 -678.58
-884.6600000000001 -880.86 -871.9200000000001 -859.59 -844.4100000000001 -831.07 -822.9300000000001 -818.31 -815.25 -814.18 -810.35 -801.0600000000001 -786.26 -771.6 -757.21 -741.6800000000001 -725.45 -709.88 -691.35 -674.63 -656.32 -642.01 -634.22 -632.21 -631.1899999999999 -629.88 -632.9100000000001 -633.2900000000001 -631.51 -630.65 -633.47 -636.78 -638.72 -639.02 -640.99 -644.9200000000001 -645.53 -639.03 -633.57 -634.91 -643.0 -654.1999999999999 -659.5600000000001 -654.6 -651.18 -647.16 -652.02 -660.24 -666.22 -664.33 -661.26 -661.49 -662.6 -665.69 -671.83 -680.63 -684.62 -693.4300000000001
-886.0699999999999 -885.16 -881.18 -871.0000000000001 -856.28 -841.3000000000001 -829.43 -821.9699999999999 -820.8500000000001 -820.94 -815.1199999999999 -805.9300000000001 -794.01 -780.1700000000001 -765.3 -749.4399999999999 -732.05 -713.03 -694.73 -680.31 -665.17 -652.96 -646.0899999999999 -644.66 -645.36 -645.54 -645.0 -639.3 -637.53 -635.25 -634.88 -638.0 -642.8499999999999 -646.9 -651.1 -657.7 -659.23 -653.13 -646.7800000000001 -648.6 -656.1899999999999 -667.16 -673.53 -668.99 -662.27 -660.77 -667.12 -670.26 -675.23 -675.31 -671.85 -670.86 -675.25 -681.62 -684.8499999999999 -689.4 -695.28 -703.12
-882.8 -884.31 -881.7600000000001 -874.39 -862.2400000000001 -847.1899999999999 -835.11 -829.27 -827.44 -825.6999999999999 -821.03 -811.8199999999999 -800.6600000000001 -787.17 -772.18 -755.5600000000001 -737.02 -718.4 -702.9 -690.24 -677.46 -665.14 -657.17 -655.9300000000001 -659.41 -661.4 -658.36 -650.93 -647.8399999999999 -646.0899999999999 -646.5799999999999 -647.44 -650.52 -654.7900000000001 -660.09 -668.32 -669.98 -666.24 -659.27 -659.53 -663.97 -671.52 -676.61 -677.18 -678.09 -672.42 -673.87 -679.4100000000001 -683.75 -685.35 -684.32 -684.99 -687.86 -690.71 -693.45 -697.18 -701.9 -705.79
