new/U.asc
NCOLS 221
NROWS 89
XLLCORNER 89.875
YLLCORNER -11.125
CELLSIZE 0.25
NODATA_VALUE -999
[rows 26 to 51 of 89, columns 116 to 173 of 221]
133.89 148.63 155.25 148.58 133.41 123.63 100.62 70.33 33.839999999999996 -11.379999999999999 -48.28 -49.13 -45.12 -42.67 -40.52 -35.67 -23.27 -11.09 -9.76 -16.650000000000002 -18.13 -15.45 -11.28 -5.35 0.75 18.759999999999998 29.7 52.900000000000006 95.36 131.20000000000002 174.89 182.71 204.74 282.7 341.33 366.79 381.52 378.63 350.48 317.4 302.14 303.14 320.7 338.88 341.10999999999996 337.55 326.28 316.81 304.97999999999996 297.96999999999997 289.87 283.59000000000003 277.97 270.78000000000003 261.5 253.14999999999998 245.33 240.07999999999998
135.16 148.23999999999998 159.54 156.29 138.98 122.73 99.7 60.67 23.45 -19.97 -46.339999999999996 -48.58 -49.82 -46.83 -45.56 -40.71 -34.410000000000004 -21.14 -13.639999999999999 -16.1 -20.64 -24.89 -21.2 -29.04 -22.939999999999998 -12.34 -4.130000000000001 26.99 78.25999999999999 118.24 151.45 164.2 231.55 309.53 342.78 365.06 375.47 365.87 326.82000000000005 286.25 272.69 284.64 302.23 310.26 309.84 306.87 297.54 288.95 281.78000000000003 274.68 266.57 260.28 255.48000000000002 248.76999999999998 242.26000000000002 234.69000000000003 228.10999999999999 220.71999999999997
131.07999999999998 149.13 154.32999999999998 154.21 145.9 128.72 98.8 57.25 17.89 -20.919999999999998 -42.08 -53.0 -53.190000000000005 -51.43 -50.580000000000005 -46.7 -40.69 -37.25 -32.019999999999996 -29.87 -28.860000000000003 -32.32 -38.39 -48.49 -52.03 -40.61 -24.560000000000002 6.29 65.33 116.17999999999999 158.24 210.51000000000002 275.85 316.87 342.45 358.87 366.15999999999997 347.58 295.90999999999997 254.02999999999997 246.19 259.31 273.05 279.7 278.46999999999997 277.02 274.06 267.81 261.24 250.55999999999997 242.75000000000003 238.73000000000002 234.17 229.91000000000003 226.04999999999998 220.38000000000002 213.09 203.67000000000002
116.93 143.64 151.51 155.1 144.91 130.62 101.79 59.72 19.400000000000002 -12.989999999999998 -41.349999999999994 -57.830000000000005 -59.18 -58.51 -54.190000000000005 -49.730000000000004 -46.28 -44.379999999999995 -44.57 -47.9 -49.61 -47.49 -51.72 -67.53 -75.13 -68.05 -47.08 -6.01 60.99 116.57 169.20999999999998 227.79 273.20000000000005 305.71999999999997 333.17 353.93 352.52 330.18 266.62 220.1 216.71 230.43999999999997 242.07 249.04000000000002 250.76999999999998 250.43 251.7 245.98 235.29 226.79 220.9 217.45000000000002 215.05999999999997 209.78 209.26 206.99 200.91000000000003 189.76
113.12 142.47 150.91000000000003 150.89 141.76999999999998 129.16 104.30999999999999 63.85999999999999 21.25 -14.99 -36.95 -55.83 -67.19000000000001 -68.01 -63.88 -63.92 -60.589999999999996 -47.92 -47.18 -49.15 -50.949999999999996 -52.5 -64.03 -83.41 -99.77000000000001 -96.34 -65.86 -13.44 60.23 120.24999999999999 172.43 223.55999999999997 268.95 308.53000000000003 339.48 351.78 343.64 307.90000000000003 230.64 186.04 181.77 194.32 208.27 218.92000000000002 227.40999999999997 232.45 232.03 224.54999999999998 214.18 207.39000000000001 198.85999999999999 193.28 193.70000000000002 198.01 202.26000000000002 200.07000000000002 191.13 180.10999999999999
106.46 139.72 147.39 141.29 135.71 125.41 103.94000000000001 72.09 41.61 11.469999999999999 -23.380000000000003 -58.39 -64.53999999999999 -66.10000000000001 -72.24000000000001 -78.81 -72.75 -54.55 -45.379999999999995 -39.71 -48.89 -51.73 -67.67999999999999 -96.75 -123.37 -122.74000000000001 -84.11 -16.950000000000003 55.1 121.92 186.29 235.95000000000002 281.03 315.33000000000004 335.14 338.61 323.46 284.87 199.53 145.78 144.89000000000001 163.44 182.43 194.51 200.87 208.2 206.32000000000002 203.07 193.6 184.87 179.65 178.33 179.18 182.54 188.79999999999998 191.2 183.14 165.7
102.14000000000001 133.01000000000002 143.05 140.89000000000001 133.66 131.03 117.60999999999999 93.12 58.89 24.37 -15.25 -50.7 -64.82 -72.14 -83.06 -92.04 -91.14 -72.92999999999999 -48.88 -41.17 -47.760000000000005 -51.800000000000004 -69.69999999999999 -103.99000000000001 -133.23000000000002 -138.57999999999998 -103.74000000000001 -24.5 67.19000000000001 133.12 191.41 242.93999999999997 283.96 313.9 328.27000000000004 330.3 292.55 259.96999999999997 160.93 86.06 105.44 137.95999999999998 155.29 169.45 181.54 188.98999999999998 190.26000000000002 186.24 178.41 168.41 160.48 160.28 168.14 175.07 176.56 173.55 168.59 153.31
92.67999999999999 123.70000000000002 141.63 146.01 146.31 142.49 131.35 107.17000000000002 78.93 42.980000000000004 -10.97 -55.98 -78.22 -86.48 -93.88 -96.78 -94.36 -77.51 -60.870000000000005 -55.71 -47.32 -48.339999999999996 -67.21000000000001 -107.71 -155.28 -163.05 -101.37 -11.959999999999999 81.51 148.01 202.97 248.25 287.21999999999997 311.83 324.98999999999995 297.33 249.26 237.1 120.94 36.71 80.05 117.00999999999999 134.46 146.64999999999998 159.79000000000002 167.12 175.48999999999998 168.1 157.36 147.45 142.44 150.89 160.05 154.78 150.96 154.05 152.77 139.3
77.81 118.19 152.2 162.82000000000002 160.99 149.97 138.19 114.33 85.75 52.839999999999996 2.23 -47.57 -88.89 -101.69999999999999 -107.11999999999999 -108.33 -86.22999999999999 -68.92 -54.059999999999995 -51.92 -49.81 -45.04 -60.47 -107.65 -157.05 -171.78 -106.17000000000002 16.950000000000003 105.72999999999999 164.24 208.29 252.70999999999998 279.99 303.99 305.69 275.34999999999997 193.20999999999998 164.32 57.64 9.06 51.190000000000005 94.69 111.92999999999999 126.39 141.05 155.76000000000002 161.28 151.17000000000002 135.71 125.46 128.7 137.71 147.0 142.51 133.34 137.43 135.81 127.54
60.18 116.45 170.13 183.69 173.76 162.10999999999999 141.45000000000002 117.83999999999999 97.61999999999999 70.22 33.45 -19.03 -74.35000000000001 -112.38999999999999 -115.9 -83.85000000000001 -61.519999999999996 -54.059999999999995 -38.64 -43.94 -40.71 -35.44 -57.87 -105.21000000000001 -164.62 -178.68 -76.82 58.76 136.0 178.35000000000002 215.79999999999998 252.11 278.44 293.62 295.87 214.08999999999997 104.89999999999999 74.28 12.540000000000001 -14.099999999999998 37.68 80.35 93.35 108.35999999999999 125.47 142.51 144.35 132.16000000000003 117.05000000000001 111.60000000000001 114.95 124.42999999999999 133.14999999999998 131.75 122.2 124.58 118.43999999999998 108.11999999999999
50.5 122.73 183.99 208.07000000000002 195.74 169.15 148.5 129.91 111.46000000000001 88.03 55.879999999999995 7.12 -72.24000000000001 -112.77 -88.14999999999999 -56.11000000000001 -35.8 -33.36 -33.379999999999995 -45.75 -34.08 -31.819999999999997 -55.089999999999996 -88.19 -147.6 -131.64000000000001 -20.47 110.77 166.79999999999998 194.28 212.59 247.51 253.31 268.5 230.29999999999998 135.84 30.72 55.089999999999996 5.7 -24.54 24.54 58.35 71.35000000000001 90.11 106.83 126.27999999999999 128.98000000000002 115.87 103.4 99.88 107.24000000000001 116.71000000000001 120.08000000000001 119.35 112.72999999999999 113.97999999999999 103.22 80.44
41.18 136.93 201.92000000000002 227.99999999999997 219.0 190.48000000000002 154.82 134.87 101.79 71.14 38.97 -3.37 -88.56 -123.15 -91.33 -7.630000000000001 17.2 -26.69 -41.49 -58.68 -43.08 -43.94 -16.38 -49.5 -84.87 -74.11 64.77000000000001 186.35999999999999 192.96 194.94 206.86 217.51 222.35999999999999 232.10999999999999 194.79 73.96000000000001 -5.36 115.29 15.959999999999999 -37.980000000000004 16.86 49.86 45.06 62.19 89.92 111.41000000000001 115.23 101.83 91.07 93.15 100.0 104.2 107.65 106.50999999999999 102.35000000000001 96.97 79.86 52.690000000000005
51.81 153.34 219.09 246.15 237.11 186.93 147.19 116.12 71.23 14.899999999999999 -3.53 -52.12 -125.07 -139.06 -64.08 33.09 55.57 -13.25 -63.080000000000005 -80.57 -64.29 -40.050000000000004 -9.87 -30.4 -42.11 70.5 224.32 236.74 204.99999999999997 186.13 182.82 188.98 185.45000000000002 191.86 153.74 30.54 15.010000000000002 126.02 -0.7000000000000001 -5.52 43.49 32.49 20.52 35.160000000000004 66.07 93.97999999999999 95.74000000000001 84.26 78.14999999999999 83.00999999999999 91.29 92.84 91.47 90.84 83.54 64.16 41.13 20.95
99.57000000000001 186.62 211.03 246.88 228.77999999999997 159.72 112.3 85.54 25.27 -41.02 -21.560000000000002 -48.77 -109.04 -118.52000000000001 -48.14 49.32 80.86 8.4 -40.88 -92.58 -107.78000000000002 -47.81 -64.69 -50.83 88.36 261.94 312.75 239.6 191.11 170.14000000000001 158.72 150.04999999999998 136.75 130.79000000000002 103.63 39.85 22.830000000000002 -8.03 -18.240000000000002 52.59 46.57 3.51 -12.73 9.64 41.760000000000005 75.02 84.91 74.37 57.95 64.64999999999999 81.15 90.94 87.92 74.7 56.779999999999994 30.669999999999998 2.11 -25.580000000000002
185.21 195.92000000000002 173.31 222.14999999999998 185.5 105.84 67.86999999999999 53.54 1.82 -27.18 -3.94 -3.7600000000000002 -26.779999999999998 -21.97 31.78 78.85 54.24 -37.6 -55.03 -29.18 -71.52 -76.64 -76.14999999999999 47.0 250.15999999999997 357.85 289.18 204.01 159.76999999999998 144.52 126.25 109.09 94.65 94.73 87.32 42.730000000000004 -26.779999999999998 -83.09 1.71 57.220000000000006 19.03 -34.55 -49.14 -25.0 9.8 42.13 50.88 50.42 45.98 55.17999999999999 71.78 82.04 77.60000000000001 56.84 23.51 -13.58 -42.620000000000005 -68.62
197.01 145.75 118.75 153.5 84.32 -23.48 -40.839999999999996 -9.07 -62.73 -82.32000000000001 -74.79 -78.19 -76.66 -76.87 -65.42999999999999 -48.16 -38.129999999999995 -29.43 -19.18 -31.380000000000003 -63.080000000000005 10.32 90.09 240.17 367.55 317.19 207.69000000000003 162.53 125.52000000000001 114.49000000000001 93.28 73.64 43.35 29.68 11.5 -32.2 -64.42999999999999 -8.36 27.150000000000002 -49.6 -73.15 -83.78 -85.49 -65.03999999999999 -30.320000000000004 10.58 30.15 30.89 24.43 33.21 62.129999999999995 77.07000000000001 58.41 21.060000000000002 -17.080000000000002 -36.27 -53.190000000000005 -79.39
135.3 73.98 23.71 51.31 -27.200000000000003 -165.34 -261.81 -258.2 -341.12 -373.53999999999996 -361.54 -382.90999999999997 -393.89 -402.82 -417.25000000000006 -423.23 -378.6 -148.0 -65.22 -36.17 71.71 218.16 360.57 440.01 333.2 238.24999999999997 160.63 127.33000000000001 90.94 74.17 55.779999999999994 48.370000000000005 15.42 -26.419999999999998 -54.05 -97.45 -117.0 -32.4 -21.0 -80.78 -103.25999999999999 -119.26 -131.63 -116.17 -78.68 -36.04 -11.73 5.42 6.99 24.47 55.510000000000005 71.1 48.949999999999996 -4.52 -49.49 -60.95 -63.27 -84.5
86.7 15.78 -43.35 -39.879999999999995 -107.32 -243.46 -343.8 -431.46000000000004 -513.1700000000001 -520.97 -507.05 -508.24 -504.12 -523.0 -599.18 -614.0 -614.01 -435.40999999999997 -224.64 -25.330000000000002 184.49 332.69 430.34 345.52 238.82 169.13 110.9 82.77 50.88 35.82 23.95 18.98 11.92 -26.840000000000003 -58.02 -101.39 -151.8 -116.03000000000002 -104.97000000000001 -109.01 -136.23000000000002 -165.26000000000002 -178.05 -169.75 -136.22 -81.99 -38.95 -20.61 -15.45 13.94 73.59 89.74 56.910000000000004 3.05 -49.41 -73.50999999999999 -84.81 -109.52
82.63000000000001 -11.84 -49.75 -79.43 -201.22 -324.82 -321.25 -405.07 -438.51000000000005 -423.19000000000005 -425.14000000000004 -400.94000000000005 -399.21999999999997 -460.31000000000006 -534.1800000000001 -554.23 -549.35 -488.87 -286.71999999999997 1.87 205.49 312.7 306.78999999999996 224.65 157.28 89.72 64.59 38.84 12.91 -5.88 -13.239999999999998 1.49 -3.49 2.34 -28.08 -70.08 -129.09 -157.99 -157.07999999999998 -150.04999999999998 -168.91 -197.56 -218.77 -211.54000000000002 -206.67 -153.94 -69.19999999999999 -43.41 -25.96 39.58 97.3 101.64999999999999 68.78 9.62 -37.8 -63.12 -85.41 -107.17000000000002
97.77 -15.07 -31.97 -87.24 -222.48999999999998 -243.75 -240.20000000000002 -224.82000000000002 -246.84 -221.97 -249.54999999999998 -244.62 -269.91 -338.68 -389.45 -409.5 -343.24 -297.25 -188.7 46.26 184.73999999999998 234.57 229.05 156.22 88.86 44.7 22.14 4.19 -21.0 -45.21 -50.82 -32.34 -2.45 3.39 6.79 -30.459999999999997 -91.9 -138.89000000000001 -155.21 -170.74 -189.86 -219.79999999999998 -241.0 -262.68 -265.0 -234.79999999999998 -141.89000000000001 -105.58000000000001 -34.69 35.839999999999996 75.86 80.24 53.72 -7.03 -23.52 -33.07 -55.81 -52.59
118.74 -1.7500000000000002 -20.34 -52.71 -131.02 -145.85999999999999 -112.44000000000001 -85.2 -90.02 -76.48 -133.92 -184.14999999999998 -208.21999999999997 -230.94 -277.4 -247.66 -162.3 -108.96 -39.11 110.38 197.01999999999998 244.04 204.67 126.25 44.41 -2.0 -5.36 -21.55 -51.580000000000005 -79.21000000000001 -87.55 -78.49000000000001 -44.519999999999996 17.03 26.640000000000004 -17.810000000000002 -76.02 -111.53999999999999 -141.79 -170.36 -199.55 -231.21999999999997 -268.46000000000004 -292.86 -307.78 -295.03 -225.67 -168.53 -74.88 -5.64 27.33 26.939999999999998 2.3800000000000003 -14.99 -12.16 3.71 -15.61 2.91
128.44 22.91 -8.1 -7.290000000000001 -42.39 -59.48 -37.34 -18.93 -29.299999999999997 -37.169999999999995 -94.39999999999999 -149.26 -107.13999999999999 -124.94000000000001 -160.34 -138.23000000000002 -41.660000000000004 52.01 88.32 173.45 230.10999999999999 240.76 178.07999999999998 74.6 -3.4099999999999997 -22.2 -15.440000000000001 -35.69 -72.69 -107.47 -128.87 -123.99 -79.55 -1.3299999999999998 41.75 -20.16 -85.99 -105.13 -128.98000000000002 -157.65 -190.60999999999999 -229.2 -268.87 -312.88 -337.56 -328.34 -248.65 -156.07999999999998 -87.1 -45.019999999999996 -38.99 -34.1 -40.25 -49.26 -0.33999999999999997 29.160000000000004 15.160000000000002 11.57
123.66 20.23 22.38 3.1 -15.27 -36.64 -52.05 -52.27 -33.98 14.14 -14.75 -80.32000000000001 -67.75 -67.06 -20.94 43.09 86.63 122.14 165.94 162.3 185.94 212.78 147.31 37.019999999999996 -35.18 -46.589999999999996 -21.36 -24.69 -78.91 -148.74 -168.16 -162.44 -128.10999999999999 -46.839999999999996 13.62 -23.21 -81.93 -67.51 -94.8 -129.76000000000002 -183.5 -233.01 -276.18 -317.15 -356.28000000000003 -362.04999999999995 -304.34000000000003 -143.31 -45.57 -32.73 -48.8 -55.57 -57.54 -41.63 2.6100000000000003 20.36 40.58 16.86
104.81 -26.86 18.029999999999998 6.7 2.64 -30.03 -62.760000000000005 -68.52000000000001 -50.11 0.64 -35.85 -84.15 -85.94000000000001 -20.990000000000002 145.4 224.10999999999999 152.25 80.47 87.12 100.21 127.64 146.98 81.88 -15.540000000000001 -44.42 -6.35 23.32 -8.92 -99.63 -178.62 -211.22 -218.67999999999998 -181.23 -91.94 -21.54 -41.93 -94.54 -23.04 -26.44 -97.78999999999999 -164.67000000000002 -221.44 -269.76 -317.05 -368.21999999999997 -384.93 -371.75 -244.11999999999998 -126.39 -72.44 -59.89 -37.7 -11.98 0.66 10.84 12.920000000000002 28.22 6.8500000000000005
70.91 -31.71 17.19 13.68 6.660000000000001 -34.74 -62.12 -55.510000000000005 -47.14 -56.14 -84.34 -70.72 -21.5 5.34 64.51 109.28 97.13000000000001 95.12 70.03 37.1 22.0 52.62 30.380000000000003 -26.31 -40.739999999999995 23.31 58.9 16.82 -105.56 -214.67999999999998 -258.43 -273.11 -250.47000000000003 -176.77 -87.72 -42.089999999999996 29.720000000000002 106.69999999999999 63.449999999999996 -74.16 -166.11 -251.02 -296.6 -298.45 -306.84 -313.99 -320.65999999999997 -258.84000000000003 -198.5 -142.27 -103.01 -61.06 -4.33 19.34 22.7 29.549999999999997 28.199999999999996 31.669999999999998
54.879999999999995 -14.63 12.65 23.11 -9.56 -59.93000000000001 -97.32 -92.65 -83.50999999999999 -65.3 -98.53 -146.29000000000002 -91.18 -96.72 -67.57 -44.379999999999995 -29.049999999999997 8.42 -5.99 -31.95 -99.53 -94.78999999999999 -42.51 -42.61 33.06 94.69999999999999 84.03 34.52 -104.14000000000001 -246.49 -290.79 -312.87 -297.14 -254.89000000000001 -168.17 9.74 148.77 185.45000000000002 59.57 -65.75999999999999 -158.45 -251.33999999999997 -319.11 -322.26 -250.34 -229.73 -257.82 -235.29 -185.63 -144.09 -104.79 -64.38000000000001 -16.42 7.24 11.65 18.75 43.15 64.94
