new/V.asc
NCOLS 221
NROWS 89
XLLCORNER 89.875
YLLCORNER -11.125
CELLSIZE 0.25
NODATA_VALUE -999
[rows 27 to 53 of 89, columns 120 to 179 of 221]
521.3599999999999 486.96000000000004 437.73 375.37 337.26 346.15999999999997 388.16 431.53 455.02000000000004 466.32 460.66 429.19 375.36 323.77 289.92 281.78999999999996 309.71999999999997 355.31 418.15 492.15999999999997 580.3 678.97 760.87 831.7399999999999 853.92 886.67 849.24 660.8 686.28 817.4200000000001 805.66 760.14 725.95 669.57 612.78 573.02 574.59 639.86 693.3 720.74 721.5 700.39 668.7299999999999 633.87 595.87 562.73 528.48 496.39 469.29999999999995 438.55000000000007 417.17 389.69 380.89 372.21999999999997 372.83 377.86 382.15 387.07 390.25 395.79
530.11 491.08 424.39 360.99 312.65999999999997 319.27 364.01 405.90000000000003 441.96 468.11999999999995 462.47999999999996 426.22 372.02000000000004 314.65999999999997 275.59999999999997 268.68 304.68 354.58 418.34 495.28 599.02 696.54 784.05 857.1300000000001 880.49 879.11 878.33 832.3199999999999 833.36 813.7 778.79 739.31 700.95 635.8100000000001 558.69 526.83 586.11 657.66 714.5400000000001 739.68 724.97 698.01 658.66 624.62 583.3199999999999 547.18 514.49 482.74 455.67 428.03000000000003 401.53999999999996 380.33000000000004 364.8 357.68 363.68 367.78 371.7 378.09 381.66 387.04999999999995
536.52 490.42 421.51 340.51 285.06 286.16 325.28000000000003 375.36 428.45000000000005 457.03 461.17999999999995 422.30999999999995 352.2 296.0 268.06 264.99 291.40999999999997 343.2 409.0 494.59 605.81 731.8399999999999 832.1999999999999 876.21 902.99 890.3600000000001 881.8199999999999 871.24 841.64 800.55 762.09 733.66 663.12 582.6800000000001 498.85 507.17999999999995 590.39 689.2 741.87 744.1 724.87 695.9100000000001 660.2 618.52 573.69 539.35 507.24 473.06 441.19 417.98 389.99 369.21 350.63 346.85 354.02 356.12 358.96 364.58 367.62 373.96
532.4399999999999 479.56000000000006 393.03 303.27000000000004 249.16 247.95 290.85 353.12 409.77 460.78000000000003 468.40000000000003 418.39000000000004 338.32 270.88 229.68 239.86999999999998 283.13 348.6 413.97 494.96000000000004 607.73 739.64 852.2500000000001 896.5500000000001 923.6 921.0699999999999 894.2600000000001 862.1 834.46 808.3299999999999 769.89 704.14 628.89 529.22 441.38 486.36999999999995 616.83 719.6500000000001 758.77 753.05 725.63 689.89 654.02 601.99 565.19 526.71 495.35 466.26000000000005 434.14 401.83 374.43 352.37 341.17 332.43 328.3 331.21 336.38 342.64 350.67 352.68
530.1 461.64 364.89 272.65999999999997 216.9 209.20000000000002 246.51999999999998 301.46999999999997 377.92 449.54 462.56000000000006 411.04 326.99 252.66000000000003 215.83999999999997 234.68 271.07 325.95 384.47 478.09 610.27 749.3000000000001 860.8299999999999 920.9899999999999 930.3499999999999 924.5200000000001 912.5999999999999 882.37 843.38 796.0600000000001 740.89 672.42 595.16 457.53000000000003 382.69 494.01 659.45 758.0 775.77 757.17 731.41 692.75 653.69 600.77 558.95 519.4200000000001 486.63 455.88 422.11999999999995 388.09999999999997 363.65 337.69 322.13 314.8 310.48 311.96000000000004 315.43 322.61 333.97 332.7
519.93 435.53 335.13 237.12 174.93 165.35999999999999 198.87 260.07 365.09000000000003 448.04 477.85 424.49 321.66 239.39 202.09 204.55 254.87 322.49 378.28 459.90000000000003 596.31 764.1899999999999 887.74 944.74 956.1600000000001 948.46 906.1299999999999 872.6000000000001 832.1899999999999 787.15 730.81 656.1899999999999 532.12 388.31 329.59000000000003 527.73 700.17 789.91 801.0600000000001 772.97 739.56 692.86 640.5 591.86 543.37 511.48999999999995 481.40999999999997 447.96 411.16 376.79 340.85 319.31 302.44 289.31 284.1 288.03000000000003 296.51 305.7 308.81 306.44
512.96 419.29999999999995 304.55 208.36999999999998 145.35 124.47999999999999 131.89 205.10999999999999 330.45 469.27000000000004 501.99999999999994 435.41999999999996 325.17 240.22 198.07 201.66 254.14 295.54999999999995 340.09999999999997 426.37 598.18 782.61 923.79 969.6999999999999 960.0899999999999 944.52 909.8699999999999 874.8 832.23 779.4 717.27 593.58 462.73999999999995 313.66999999999996 245.97000000000003 515.74 746.6 824.77 814.5799999999999 787.69 744.96 704.3199999999999 636.4499999999999 586.88 541.87 506.89000000000004 476.29 441.12 403.96000000000004 359.09 318.81 292.19 278.69 269.77000000000004 268.73 271.43 280.05 288.82 287.61 282.71999999999997
505.75 391.01 275.97999999999996 171.29000000000002 101.72000000000001 69.62 73.68 162.07 325.25 480.19 561.49 495.0 341.84000000000003 237.02999999999997 182.65 195.03 249.73999999999998 283.65 317.09000000000003 377.25 548.7199999999999 781.5699999999999 932.23 982.38 964.08 936.48 909.18 869.5600000000001 824.22 772.18 674.58 533.31 386.85999999999996 248.95999999999998 219.01999999999998 560.3 783.23 837.0200000000001 826.4099999999999 796.86 752.9499999999999 706.21 634.5500000000001 576.03 538.23 506.47 477.15 441.32 387.59000000000003 337.04999999999995 288.22 252.55999999999997 243.67000000000002 240.19 239.99 248.78999999999996 257.53 263.28999999999996 262.84999999999997 260.94
487.65 371.83000000000004 239.04999999999998 133.68 64.64 34.300000000000004 22.85 110.94 291.84999999999997 521.39 605.81 559.42 405.28000000000003 226.98000000000002 173.13 190.11 239.36 270.24 257.54 319.18 520.51 755.6 938.11 979.9200000000001 953.26 923.63 896.5899999999999 865.1099999999999 820.0300000000001 752.4 652.08 433.3 288.09999999999997 221.06 278.14 610.15 795.58 849.93 827.34 796.28 758.36 705.52 635.96 571.0 534.44 512.11 482.36999999999995 437.59 383.83 315.18 258.67 212.23000000000002 204.85999999999999 203.44000000000003 209.0 218.00000000000003 233.15 239.29 236.57 235.80999999999997
479.53999999999996 343.14 210.36 104.67999999999999 37.68 -1.73 -18.970000000000002 60.14000000000001 266.46000000000004 509.49 690.35 643.9499999999999 417.11 218.31 150.96 182.91 235.61 239.08 217.05 256.15000000000003 457.49000000000007 751.0 948.1899999999999 963.79 923.9100000000001 903.92 881.7500000000001 854.91 813.9699999999999 746.3199999999999 535.51 293.46999999999997 199.36 190.18 287.26 631.53 810.52 858.5000000000001 835.92 798.01 764.63 703.8299999999999 632.97 568.51 537.33 516.6999999999999 490.10999999999996 445.33 372.86 302.43 229.51000000000002 177.53 162.15 163.12 170.27 187.57 202.73 215.73000000000002 211.85999999999999 212.65999999999997
456.69000000000005 319.24 185.29 83.00999999999999 -10.57 -60.629999999999995 -41.5 29.01 242.91 509.5 704.23 715.88 489.95 188.39999999999998 91.93 172.23999999999998 238.05 219.96000000000004 188.0 216.96 342.06 624.81 917.61 936.4200000000001 887.1 881.8199999999999 865.48 839.12 795.12 704.33 487.89 201.46 136.29 142.75 218.12 598.0500000000001 815.9000000000001 862.12 842.23 804.86 762.4100000000001 702.51 625.6 562.02 538.53 531.74 505.53999999999996 445.28 367.33 277.12 200.70000000000002 141.57 115.14999999999999 118.87 134.82 151.96 172.53 186.63 192.96 193.87
436.25 306.45 168.01999999999998 38.79 -78.43 -95.17999999999999 -41.3 9.950000000000001 213.45999999999998 474.66999999999996 726.92 751.1700000000001 494.02 169.16 66.22 175.28 225.15999999999997 193.25 158.99 166.70000000000002 277.82 534.05 837.14 871.7700000000001 849.3499999999999 853.66 855.52 822.3699999999999 777.1899999999999 685.9200000000001 459.32000000000005 156.89 152.56 147.82999999999998 193.79999999999998 610.37 818.1100000000001 843.9399999999999 827.75 808.3000000000001 752.74 699.11 625.5899999999999 563.38 552.97 543.9499999999999 525.6 463.86 358.87 261.46 162.62 95.78 79.46 92.4 104.21000000000001 126.64999999999999 149.10000000000002 165.7 174.44 182.18
392.17 256.47 133.03 33.629999999999995 0.9400000000000001 -6.0 -18.2 -21.37 141.16 345.90999999999997 663.14 777.0699999999999 508.46 122.09 22.17 165.86 264.04 224.37999999999997 177.73000000000002 243.92999999999998 455.66 693.64 798.36 782.87 823.69 830.65 833.24 804.5999999999999 752.78 644.0699999999999 426.15999999999997 186.54999999999998 196.63 175.29 274.03 627.73 793.25 828.0799999999999 822.67 803.29 760.75 695.83 607.85 552.91 556.72 577.4200000000001 562.86 483.87 359.84 230.69000000000003 122.28000000000002 50.55 34.13 60.07 83.77 103.39 123.44 144.52 166.66 181.13
280.52000000000004 107.25 17.04 -4.6 44.24 88.01 113.34 112.24000000000001 137.6 222.61 497.28000000000003 636.68 417.02000000000004 58.69 -48.58 78.85 236.85 231.04 210.3 368.12 586.65 694.69 689.3399999999999 732.1500000000001 790.7199999999999 808.93 816.6800000000001 785.4599999999999 714.64 594.15 398.57 187.91 135.5 161.06 418.30999999999995 654.75 749.27 802.95 823.24 805.23 772.76 695.25 617.8499999999999 567.98 569.03 602.64 594.02 512.23 372.87 213.19 88.91 22.189999999999998 12.6 38.31 76.64999999999999 103.67 130.64 156.07 169.45 180.46
222.86 141.95 112.06 88.78 78.10000000000001 101.91 109.52 91.9 89.13 143.45000000000002 275.26 393.8 359.2 164.76999999999998 130.17000000000002 178.74 229.49 243.06 271.11 436.57000000000005 591.52 603.7 627.44 716.22 763.5699999999999 796.92 798.76 761.4399999999999 680.02 554.03 363.63 165.94 147.34 192.2 386.31 634.75 747.02 794.78 815.1999999999999 817.8599999999999 789.5400000000001 715.28 614.9300000000001 558.04 591.2099999999999 639.56 630.72 532.95 359.27 187.14 76.37 4.81 1.95 10.93 52.17 96.65 132.07 160.32999999999998 171.18 170.55
209.56 155.39000000000001 199.17000000000002 172.19 63.01 18.47 -15.370000000000001 -10.69 30.330000000000002 174.56 307.01 413.03999999999996 383.84999999999997 247.85 207.73000000000002 208.73 247.2 362.74 448.40999999999997 544.27 534.16 538.23 593.85 672.02 749.53 782.98 788.38 754.3199999999999 659.8 495.35 298.49 176.99 255.69000000000003 319.28000000000003 341.13 600.17 751.09 787.89 809.8599999999999 826.6999999999999 809.1200000000001 743.98 627.7199999999999 586.03 604.93 679.2900000000001 672.3 544.52 356.26000000000005 165.82 67.9 11.76 -3.75 2.78 38.95 86.67 127.95 154.28 172.53 167.22
133.41 12.770000000000001 44.56 17.349999999999998 -68.88 -96.17 -78.36999999999999 -29.38 25.25 159.87 275.22 375.81 359.29 249.84000000000003 308.42 355.55 407.09 514.86 564.71 469.7 453.96000000000004 489.30999999999995 558.4100000000001 661.35 742.5500000000001 769.4 783.14 751.0600000000001 627.8 458.78 267.33 171.82999999999998 316.1 443.03 444.54 600.31 732.46 778.66 802.6999999999999 830.26 820.27 753.45 594.3 558.31 568.26 677.6099999999999 709.1800000000001 578.0300000000001 340.85 146.23 38.0 15.85 -12.55 -21.07 7.049999999999999 70.42 116.36 170.79999999999998 190.12 185.35999999999999
70.21 -48.58 -56.69 -80.10000000000001 -79.63 -82.55 -33.6 27.750000000000004 61.09 115.58999999999999 232.10000000000002 348.04 337.11 429.45000000000005 538.86 599.58 644.0400000000001 676.82 560.86 464.78999999999996 413.02000000000004 449.92 553.69 658.0899999999999 720.3299999999999 762.4799999999999 776.98 769.8199999999999 647.16 392.78 194.14000000000001 174.2 308.84000000000003 482.23 539.79 644.16 698.4 745.25 772.37 797.82 830.0000000000001 755.26 499.09999999999997 444.21 459.61 683.33 719.4200000000001 579.48 339.65000000000003 129.77 20.69 31.86 -24.990000000000002 -29.110000000000003 -7.93 53.949999999999996 129.37 184.9 229.65 230.43999999999997
-10.290000000000001 -38.59 -46.69 -14.08 -5.220000000000001 -1.7399999999999998 30.25 77.8 73.39 112.53 245.71999999999997 361.7 418.17 543.5500000000001 774.87 807.3399999999999 815.71 725.99 590.41 416.6 364.81 450.89 558.87 646.26 699.85 754.81 773.02 774.28 701.41 447.02000000000004 147.82999999999998 136.72 270.53 461.99 550.26 615.0699999999999 671.44 719.05 746.1700000000001 778.45 820.8399999999999 775.27 527.3 470.53000000000003 488.40000000000003 717.87 715.8299999999999 575.91 303.22 92.63 13.13 11.09 -65.69 -46.37 -21.46 52.790000000000006 128.24 205.88000000000002 257.35 274.8
-21.490000000000002 -34.83 -0.38 35.980000000000004 21.8 12.879999999999999 23.98 63.18 53.11 87.94 236.7 363.06 404.83000000000004 542.61 863.52 890.01 841.08 743.8 540.91 362.21000000000004 346.96 443.26 549.12 630.43 689.89 737.36 761.3299999999999 788.0799999999999 724.15 531.28 221.0 82.39999999999999 220.04999999999998 440.89 514.8399999999999 580.02 652.21 693.6600000000001 723.5699999999999 761.78 813.9200000000001 809.31 706.8 630.76 644.22 713.27 697.37 488.25 210.67000000000002 78.51 26.66 -25.380000000000003 -97.28999999999999 -65.59 -41.81 35.410000000000004 124.59 201.06 267.94 293.79
-12.509999999999998 -31.59 -1.68 50.349999999999994 46.760000000000005 -19.919999999999998 -32.15 -6.69 21.46 47.74 153.51 284.59 374.0 494.5 822.5899999999999 866.21 815.44 737.69 509.83 320.28 318.10999999999996 446.09 550.94 604.86 659.3 703.8299999999999 765.6 785.3 768.0699999999999 615.0400000000001 338.71000000000004 139.74 225.82 419.33 475.6 528.97 604.54 653.72 685.67 724.99 769.13 837.5600000000001 770.48 575.75 599.17 643.61 562.5600000000001 342.22 178.1 101.03999999999999 92.11 33.28 -7.5 -27.82 -39.11 -11.33 83.12 188.73 258.56 302.28999999999996
-28.07 -45.98 -5.56 53.800000000000004 41.06 -41.730000000000004 -40.61 35.099999999999994 127.60000000000001 147.15 233.91000000000003 402.07 546.43 606.9499999999999 778.69 798.9399999999999 840.27 748.0699999999999 450.42 254.45000000000002 285.12 430.96 537.98 565.39 620.76 679.84 747.04 787.65 777.74 652.87 387.83 140.59 223.32 377.67 421.53999999999996 466.21 550.1 621.3199999999999 657.07 680.9300000000001 735.86 820.33 775.1 446.6 378.83 364.35 331.17 237.61 146.06 113.26 74.46000000000001 55.720000000000006 62.839999999999996 21.3 -16.48 -35.17 -3.53 109.13 256.94 319.44
-25.759999999999998 -23.78 -13.05 -20.57 -38.53 -19.950000000000003 52.94 155.20000000000002 175.26999999999998 167.64 202.0 280.43 376.44 489.48 697.44 793.7700000000001 831.2900000000001 717.54 378.95 194.52 279.47 447.72999999999996 503.42 495.35999999999996 548.02 628.7 719.5400000000001 793.29 807.93 684.02 361.89 14.64 110.28 367.3 385.59999999999997 395.84000000000003 471.64 564.71 616.13 636.8100000000001 682.29 750.49 869.4599999999999 701.9300000000001 484.98 366.48 319.77000000000004 243.81 150.76 103.38000000000001 65.73 66.66 68.67999999999999 43.6 25.0 -6.950000000000001 -4.01 104.62 281.49 345.14
-25.25 27.939999999999998 68.06 76.17 66.07 101.4 103.63 128.76000000000002 113.1 126.01 235.29 359.98 498.34 634.16 727.53 746.95 810.35 723.4200000000001 322.69 108.99000000000001 213.35000000000002 376.98 390.02 419.42 456.97999999999996 561.96 694.46 767.51 812.43 740.79 505.94 187.17999999999998 199.06 393.17 316.49 291.89 381.49 512.8 585.67 589.32 582.93 642.89 842.01 833.6 752.4200000000001 680.12 602.86 447.5799999999999 197.96 74.94 54.24 50.05 54.26 51.23 34.1 26.009999999999998 45.75 150.42 305.19 334.88
2.46 47.65 112.38 134.99 110.28999999999999 91.56 61.29 114.95 197.57 296.28999999999996 382.38 471.23 592.49 639.9300000000001 665.91 694.66 795.84 730.04 400.71000000000004 186.37 222.63000000000002 339.29 303.79 341.99 376.7 507.02 648.0500000000001 761.8100000000001 803.8299999999999 786.26 590.4399999999999 445.2 409.14 360.17 212.93 187.93 273.8 417.0 533.69 539.68 453.16 513.4699999999999 781.9300000000001 858.99 823.9200000000001 796.2900000000001 737.08 612.95 384.83 120.92 39.269999999999996 25.380000000000003 14.27 4.279999999999999 -22.91 -7.13 85.92999999999999 201.84000000000003 280.2 272.23
17.380000000000003 46.71 100.24 63.68000000000001 34.35 -14.860000000000001 -44.28 37.95 277.63 401.29 488.89 569.51 583.06 613.62 655.04 696.02 744.22 719.37 479.29 423.80000000000007 455.63 425.04999999999995 374.8 273.20000000000005 254.85999999999999 391.48 589.13 729.74 816.98 800.8 749.26 634.43 492.69999999999993 311.75 137.44 97.86 184.86 298.69 417.97 547.3900000000001 525.19 582.01 782.58 835.31 853.9300000000001 821.3 792.9599999999999 677.96 484.88 207.66 88.62 90.57 85.63 58.5 17.16 3.8600000000000003 89.99000000000001 144.16 200.1 183.41
51.55 80.72 70.59 35.11 1.18 -56.13 -88.85 12.659999999999998 267.8 451.96 540.41 591.92 607.73 624.09 664.51 694.22 699.12 683.8 639.44 585.59 590.28 558.14 391.86 211.89 118.85 249.12 481.63 717.1999999999999 809.68 876.83 830.4 735.5699999999999 592.36 344.7 122.25999999999999 76.53999999999999 129.10999999999999 234.01000000000002 307.34 437.0 622.94 693.5 772.52 828.4599999999999 856.09 836.59 806.5300000000001 752.3100000000001 561.48 337.39 211.50000000000003 210.21999999999997 209.69000000000003 182.8 101.35000000000001 79.63 23.25 72.07000000000001 100.11000000000001 98.68
