new/V.asc
NCOLS 221
NROWS 89
XLLCORNER 89.875
YLLCORNER -11.125
CELLSIZE 0.25
NODATA_VALUE -999
[rows 0 to 26 of 89, columns 60 to 119 of 221]
182.86 194.77 202.74 208.19 201.04999999999998 187.04000000000002 168.31 156.28 144.54 102.16000000000001 18.63 -9.379999999999999 44.7 150.45999999999998 265.45 384.87 440.01 509.90000000000003 548.78 556.09 570.9 578.62 588.1700000000001 591.96 592.48 604.39 612.35 620.99 627.4499999999999 634.9 638.5 640.1 637.77 631.18 622.13 615.16 609.92 605.9 605.5799999999999 602.28 606.61 604.78 605.33 604.2900000000001 607.02 605.9300000000001 593.44 597.0 589.3399999999999 587.38 586.61 586.9399999999999 582.2 576.3499999999999 577.4300000000001 572.7 556.18 496.09 306.75 413.79
203.71 223.8 230.14999999999998 233.56 219.17 202.16 183.39000000000001 169.71 146.56 100.11000000000001 85.55 77.94 142.95 229.25 324.1 355.67 393.08 428.19000000000005 469.58000000000004 504.28 518.13 539.1600000000001 549.56 559.35 573.11 586.4200000000001 598.99 607.5 615.41 623.53 625.3 627.8299999999999 623.62 617.04 607.9100000000001 602.4 597.56 592.74 590.17 582.63 587.08 584.26 588.98 585.99 583.76 580.9300000000001 577.22 584.12 577.66 580.84 577.74 574.36 571.3199999999999 574.6 577.28 538.6899999999999 509.03999999999996 393.88 271.86 435.05
188.85 216.41 227.11999999999998 232.01999999999998 216.71 192.77 172.26999999999998 174.92000000000002 152.91 142.77 159.39000000000001 203.53 269.85 310.19 330.27000000000004 354.14 384.87 419.81 445.46000000000004 467.08 485.03999999999996 512.5899999999999 521.28 537.45 549.45 563.0600000000001 577.09 587.64 595.6800000000001 602.11 603.47 604.07 597.86 594.3299999999999 590.08 585.06 582.43 579.61 578.3000000000001 567.1999999999999 568.62 567.04 568.76 569.77 570.2099999999999 571.01 570.3299999999999 568.5 568.1899999999999 572.33 561.5 564.0699999999999 561.64 566.22 558.36 520.7099999999999 389.35 262.54 286.49 504.01
165.43 186.7 201.91 209.10000000000002 197.21 166.60999999999999 158.53 214.26 272.05 285.21000000000004 286.52000000000004 304.97 308.78999999999996 319.31 339.29999999999995 359.69 378.33 396.85 418.86 443.71999999999997 468.68 486.12 496.7 514.1600000000001 528.18 540.14 549.83 559.32 569.68 576.5 579.19 577.56 575.11 575.6700000000001 574.92 574.5 572.98 567.8499999999999 564.03 556.48 548.82 549.8199999999999 549.18 555.07 558.72 556.48 556.15 559.87 563.54 549.78 548.11 547.12 551.59 559.5 520.6800000000001 388.79 242.79000000000002 287.95000000000005 483.34999999999997 616.99
196.64999999999998 163.19 173.25 189.56 185.0 162.54 175.62 250.82 323.20000000000005 342.69 344.52 347.38 340.69 347.59000000000003 355.96999999999997 370.58 387.86 405.79 423.26 434.84999999999997 450.37 466.47999999999996 487.65999999999997 499.78 514.13 525.01 532.66 540.7199999999999 547.86 551.47 554.1800000000001 551.4300000000001 552.58 554.73 557.13 557.75 556.15 553.84 545.27 546.37 534.51 534.68 535.1600000000001 538.4699999999999 539.29 540.2199999999999 544.99 536.54 533.55 535.5500000000001 547.34 533.81 547.27 510.62 382.25 252.02 333.29 528.3100000000001 604.0600000000001 645.07
160.12 142.63 156.76000000000002 166.25 165.01 181.24 233.21 302.22 349.56 354.04 358.3 356.66 355.49 363.79 372.21999999999997 386.03000000000003 395.39 407.9 419.47999999999996 432.21999999999997 453.68000000000006 465.2 480.65 493.10999999999996 508.98 518.28 523.7199999999999 525.4 527.24 528.88 534.43 535.72 540.02 540.64 544.12 544.0400000000001 541.77 542.5600000000001 530.98 530.92 521.42 520.35 517.11 518.63 520.6999999999999 521.15 521.51 515.5300000000001 526.9499999999999 524.13 531.75 525.64 507.59999999999997 426.95 274.52 227.53 468.36 605.47 613.1 631.69
130.12 129.15 137.91 152.09 177.89999999999998 227.4 306.34000000000003 359.45 361.55 366.43 366.59000000000003 367.75 370.21999999999997 377.13 387.32 398.06 407.21 416.58 428.59 436.64 451.47 459.14 474.58 488.94 502.15 510.59000000000003 512.12 513.1700000000001 511.76000000000005 513.44 518.68 521.25 526.8399999999999 526.53 529.23 529.4 528.05 523.87 513.65 511.85 500.7 499.31 494.37 497.40000000000003 500.61 499.72 502.47 500.86 500.84 523.2 533.01 455.25 401.28000000000003 302.51 200.63 393.5 574.45 593.3 619.08 626.6899999999999
117.34 115.07000000000001 155.9 205.41 247.8 296.91999999999996 356.61 358.58 361.0 369.71 368.49 374.28 377.97999999999996 386.54 392.83000000000004 402.69000000000005 409.25 418.40999999999997 426.70000000000005 435.74 446.68 456.93 470.31 480.70000000000005 492.18 496.94000000000005 498.45 497.20000000000005 496.23999999999995 497.49999999999994 502.98999999999995 505.18 508.34999999999997 509.67 509.08 509.07 504.69 498.84000000000003 490.96000000000004 487.38 477.77000000000004 475.91999999999996 473.14 477.4 480.63 482.11 484.65999999999997 482.02 489.70000000000005 529.03 452.18999999999994 344.28999999999996 273.91999999999996 187.32 347.84999999999997 533.25 581.8299999999999 577.73 604.81 604.91
110.35999999999999 136.44 198.99 270.81 296.52 328.5 341.38 344.05 354.77 362.99 367.42 374.79 378.68 389.28 393.83 400.62 407.24 415.99 424.38 433.39 442.73999999999995 454.42 463.01 471.89 475.68 480.32000000000005 479.34000000000003 478.07000000000005 479.34000000000003 480.28000000000003 484.02000000000004 486.92 487.66999999999996 489.14 488.46999999999997 485.21999999999997 480.82000000000005 474.01 467.28 459.77 458.57 456.03 460.34 464.34 467.64 469.4 465.16 466.37000000000006 491.31 465.38000000000005 352.01 258.08 193.2 327.88 486.67999999999995 528.81 546.12 565.02 581.21 589.53
149.38 179.75 238.60999999999999 289.55 296.15999999999997 310.09000000000003 323.83000000000004 337.73 348.44 356.87 364.14 370.86 376.3 384.55 389.10999999999996 396.09000000000003 406.34 415.10999999999996 426.41999999999996 435.31000000000006 441.5 451.41 455.82000000000005 459.11999999999995 461.54 460.48 459.49 457.78999999999996 459.65 461.58000000000004 463.45 466.8 465.76000000000005 466.99 462.18000000000006 458.90000000000003 452.48999999999995 445.68 443.20000000000005 435.31000000000006 442.09 440.96000000000004 446.98 447.39000000000004 450.71000000000004 454.19 446.42999999999995 457.4 471.35999999999996 362.44 277.09000000000003 229.76000000000002 338.37 473.16 500.08 504.02 518.33 545.05 559.42 587.01
205.07 226.86 259.66 276.92 290.72 307.79 316.73 329.97 339.52 348.21 357.5 360.69 372.13 373.53999999999996 379.73 390.39 401.89000000000004 415.65000000000003 428.09 436.30000000000007 443.30999999999995 448.54 447.59000000000003 445.85999999999996 442.41 441.52 439.35 437.77 438.15999999999997 442.22 444.40999999999997 445.19 445.24 440.8 435.48 431.75 425.31 419.24 420.35999999999996 418.75 431.16 430.15 435.41999999999996 434.57 438.72 442.40000000000003 443.70000000000005 459.63000000000005 436.33 312.13 300.38 353.53 439.54 463.83 470.66999999999996 487.59 510.13 522.64 544.59 571.63
224.43 241.48999999999998 259.78 285.78000000000003 301.54 312.04999999999995 317.8 326.05 335.45 341.63 347.58 351.96999999999997 366.44 366.79 380.12 392.68 406.66 420.05 427.32 436.78999999999996 439.81000000000006 436.73 434.22999999999996 429.91 427.52 423.01 419.47 419.52 420.99 423.04 425.34999999999997 422.96 417.58 411.85999999999996 406.73 403.61 403.04 400.18 407.17999999999995 409.02000000000004 420.78 421.01 422.93 426.90999999999997 433.5 444.26 449.02 456.67999999999995 445.79 402.03 407.52 402.33 397.5 413.65999999999997 437.78 454.90000000000003 475.82000000000005 504.04999999999995 539.28 565.97
227.51999999999998 248.21 268.71999999999997 293.71 304.53000000000003 319.27 327.02 333.39 336.96000000000004 339.56 348.48 360.32 370.26 380.51 393.53 400.79 411.38000000000005 418.77000000000004 421.12 422.11 420.15000000000003 420.37000000000006 419.94999999999993 414.45 410.29999999999995 405.27 402.81 404.19 405.76 404.44000000000005 402.60999999999996 400.99 391.84000000000003 386.74 384.49 383.53999999999996 384.57 389.37 394.91 403.55999999999995 408.85999999999996 411.44999999999993 413.39 420.28999999999996 434.76 452.53 465.54 464.53 449.45000000000005 429.98 406.37999999999994 387.45 387.5 396.39000000000004 408.52000000000004 431.55 466.61 495.84999999999997 524.92 553.57
225.19 243.21 261.58000000000004 290.12 311.75 326.26 332.73 340.88 349.69 356.47 364.92 372.07 380.15 394.07 402.05 407.09999999999997 410.45 410.44 409.94 407.83 404.8 403.95000000000005 398.33 395.99 391.94 389.94 389.64 388.92 387.84999999999997 388.39 382.02 373.7 367.85 365.16 365.8 368.46999999999997 372.67 380.41999999999996 384.82 399.13 397.61 405.0 414.60999999999996 428.7 446.64 463.27 473.26 465.97999999999996 440.93 401.26 369.07 357.76 355.82 357.16999999999996 370.67 403.7 437.21 471.02000000000004 522.6 546.12
232.97 250.69 272.51 299.03 321.17 336.91 349.14 358.86 365.64 370.04 376.49 382.65 392.11 400.53000000000003 403.40999999999997 406.50000000000006 403.38000000000005 400.96 398.01 394.85 392.75 391.57 385.94 382.19 377.32 374.92 374.82 374.46999999999997 373.3 365.9 362.1 354.89000000000004 354.86 351.71000000000004 352.17 355.26 362.35 371.78 381.66 390.47999999999996 394.98 412.15000000000003 421.6 444.94 467.78000000000003 487.95000000000005 499.02 465.52 412.01 356.83 327.22 307.49 302.09999999999997 312.46999999999997 343.42 376.55 426.07 465.36999999999995 510.71 533.2900000000001
252.43 278.57 299.40000000000003 313.85 338.05 352.4 362.61 371.42 376.83 381.86 386.25 395.13 405.78000000000003 413.22 415.09000000000003 407.73 405.25 402.54 399.25 394.7 391.04 384.93 377.89 372.11 371.51 370.01 367.82 365.44 359.96000000000004 351.04 350.99 343.35 342.47999999999996 342.16 343.81 349.86 357.34 367.2 376.73 384.35 398.17 415.13 439.32000000000005 463.31 491.92999999999995 513.34 498.80000000000007 423.86999999999995 350.52 290.42 262.93 260.46 256.45 275.52 308.11 362.61 416.53000000000003 453.49 495.07000000000005 530.59
284.53 308.56 327.44 339.75 358.55 367.15 377.17 380.84 385.96 388.73 393.10999999999996 405.84 416.2 420.09 418.95 413.99999999999994 412.58 409.63000000000005 401.33 396.22 387.51000000000005 379.33 374.16 372.24 369.97 366.49 363.98 356.75 350.64000000000004 345.1 343.25 337.62 339.59999999999997 339.5 342.12 348.17999999999995 357.45 367.72999999999996 373.9 385.96 403.16 419.25 448.07 477.08000000000004 506.54 527.03 496.56 290.39 207.77 195.14000000000001 204.04 203.39000000000001 218.86 239.67999999999998 302.96 360.93 401.66 445.43 489.27 526.44
317.74 334.55 351.94 362.77 372.16 380.52000000000004 389.5 393.13 394.23 397.0 401.55 412.35999999999996 419.90999999999997 423.02 422.21999999999997 420.27 418.49999999999994 410.98999999999995 402.86999999999995 394.57 385.1 379.48 373.0 372.39 369.91 366.42 362.40000000000003 355.28 349.16 345.19 341.24 339.53000000000003 340.81 341.84000000000003 344.66999999999996 351.73 360.89000000000004 368.56 374.8 388.73 406.93 426.11 459.0 488.56 526.4599999999999 546.38 399.65000000000003 157.98000000000002 81.53 109.07 136.37 171.98 188.17 228.52 291.10999999999996 344.37 384.48 441.41 485.43 523.87
345.77 361.5 372.44 380.76 387.12 393.9 402.56 407.31 408.41 410.14 415.12 418.84 423.00000000000006 426.28000000000003 424.63 422.13000000000005 413.72999999999996 406.18999999999994 397.54999999999995 388.66999999999996 383.83 381.33 374.21999999999997 371.34000000000003 369.15 365.02 360.99 356.2 349.92 346.28000000000003 342.47999999999996 342.13 342.99 344.6 349.41 356.48 360.96 367.37 376.98 388.85999999999996 405.34 429.59 459.99 501.55 539.47 429.45000000000005 259.35 82.84 42.18 59.19 91.47999999999999 133.07 184.94 225.31 276.29 326.81 378.02 441.39 483.6700000000001 525.27
378.63 389.76 397.78 404.3 408.90000000000003 412.43 416.31 423.12 428.38000000000005 429.89 430.21000000000004 432.83 432.21999999999997 429.07 424.57000000000005 414.20000000000005 406.08000000000004 397.38 387.92 383.65999999999997 382.41999999999996 378.6 377.05 371.83000000000004 366.67 362.11 356.88 351.89 348.69 344.99 341.65000000000003 339.92 343.36 347.88 351.19 356.12 360.83 364.26 374.87 384.64 395.10999999999996 417.3 439.45 486.67999999999995 430.80999999999995 295.5 132.19 22.43 42.43 37.38 56.730000000000004 98.7 157.24 211.78 263.7 327.45000000000005 378.92 448.69000000000005 493.72999999999996 530.65
416.68 426.53 430.40000000000003 435.89000000000004 432.36 431.94 438.93000000000006 444.77000000000004 449.82 451.78000000000003 451.96 447.77 443.45 434.90000000000003 424.3 411.17 399.82 391.15000000000003 386.53 386.76 385.94 377.02 376.42 368.67 362.92 356.18 351.19 347.5 344.39000000000004 341.24 338.71000000000004 335.71 335.12 339.26 344.68 350.32 356.61 361.81 364.62 371.83000000000004 377.13 390.55 411.54 400.52000000000004 311.71999999999997 162.0 33.07 -8.08 4.45 6.54 33.35 77.32 121.9 173.63 227.94 301.5 381.78000000000003 462.61 512.81 526.26
456.27000000000004 462.28999999999996 464.46 468.05 467.33000000000004 466.57 467.88 469.31 471.80999999999995 474.38 470.26000000000005 459.65999999999997 449.21 438.61 427.37999999999994 412.76 401.3 396.71 394.59 388.14000000000004 381.26000000000005 380.35 375.26 368.90999999999997 362.28 352.34000000000003 345.16 342.09000000000003 337.89 335.11 329.97 327.13 323.78999999999996 326.53 334.92 338.71000000000004 341.49 352.17 356.62 357.39 355.37 351.75 321.26 277.01 169.73 41.510000000000005 0.59 -1.71 0.54 16.830000000000002 24.63 44.04 63.61 81.55 128.8 231.21999999999997 369.17 474.49 511.85999999999996 526.31
483.07000000000005 493.71999999999997 498.23 495.89 500.49 497.88 495.83000000000004 495.69 492.08 486.21 479.26 472.19 462.28 452.71999999999997 438.61 425.71000000000004 415.27000000000004 408.11 403.4 398.15 390.94 383.93 376.08000000000004 369.89 358.55 348.83000000000004 341.98 335.67 327.53999999999996 322.54999999999995 314.59999999999997 309.87 313.94 312.2 313.41 318.78000000000003 326.96 334.66999999999996 336.84 334.82 329.48 295.94 174.85 80.41 11.09 -38.879999999999995 -29.5 4.08 23.89 19.79 23.54 40.150000000000006 49.49 61.480000000000004 91.49000000000001 148.59 296.14 488.90000000000003 519.6 522.67
514.11 526.72 529.34 530.84 533.0899999999999 528.87 523.8299999999999 514.42 507.66999999999996 500.84999999999997 493.95 483.54999999999995 472.75 463.49 446.65 432.71 424.78999999999996 418.09000000000003 408.72 399.86 391.51 382.88 376.2 365.85 352.84 342.96999999999997 333.84000000000003 321.88 314.7 305.58 306.63 304.07 301.63 301.2 302.57 308.14 312.5 314.07 323.3 309.92 260.2 212.9 106.2 8.18 -53.559999999999995 -50.839999999999996 -9.2 51.33 49.55 44.73 53.68000000000001 57.379999999999995 53.790000000000006 77.75 131.73999999999998 187.56 277.69 476.55 522.92 511.65000000000003
550.44 559.31 558.35 559.05 553.21 548.5 540.8100000000001 532.25 522.9499999999999 514.6899999999999 505.19 500.34999999999997 493.96000000000004 470.88 450.21000000000004 432.65000000000003 424.17999999999995 420.22 412.88 404.04 395.48 388.77000000000004 372.65000000000003 360.28 346.43 335.14 322.87 311.6 304.76 294.36 294.24 294.16 291.12 294.4 294.84 299.90000000000003 305.26 298.28999999999996 284.56 237.73 160.32 125.53 80.5 -5.510000000000001 -38.47 -31.569999999999997 6.81 56.61000000000001 55.32 65.49000000000001 76.2 75.42999999999999 76.96 149.5 227.70000000000002 346.14 414.68999999999994 493.02000000000004 500.01 492.29
578.88 585.25 582.14 578.45 571.31 563.8 554.99 546.59 537.15 526.63 520.08 516.96 509.96 474.15000000000003 443.37 429.08 428.5 424.59 418.08 411.01 396.46 385.09000000000003 366.90999999999997 353.96999999999997 339.65999999999997 325.4 313.14000000000004 298.9 287.39 282.95 276.93 274.86 274.73 277.40999999999997 287.48 293.42 281.32 257.57 184.42000000000002 140.01999999999998 99.42 87.87 52.38 3.1 -30.28 -23.98 12.879999999999999 46.83 55.14 58.3 68.5 75.85 78.74 148.16 277.5 411.78999999999996 461.53000000000003 480.05000000000007 487.41 495.38
596.07 601.01 600.57 592.62 585.52 576.1899999999999 567.34 558.62 547.25 536.98 532.67 528.6400000000001 523.0 454.03000000000003 430.64 436.55 436.23 432.42 425.63000000000005 410.46 394.14 376.81 360.01 344.32 329.55 315.03999999999996 302.34000000000003 288.28000000000003 272.43 267.86 255.58 254.42000000000002 252.76000000000002 254.21 264.62 255.77999999999997 241.10999999999999 171.53 104.06 95.00999999999999 83.35000000000001 64.62 47.160000000000004 0.7000000000000001 -0.44 6.510000000000001 11.66 28.249999999999996 33.07 36.51 48.57 73.3 77.13 118.94 247.62 396.95 452.39000000000004 462.77 495.37000000000006 508.77
