new/V.asc
NCOLS 221
NROWS 89
XLLCORNER 89.875
YLLCORNER -11.125
CELLSIZE 0.25
NODATA_VALUE -999
[rows 0 to 26 of 89, columns 0 to 59 of 221]
420.13 403.99 384.58 371.14 354.92 342.86 332.53 326.09 326.78 325.75 325.67 322.35999999999996 323.8 323.42 319.26 314.61 303.04 290.32 277.95 265.63 251.38 239.46999999999997 230.43 220.8 206.57999999999998 191.85000000000002 175.82 164.35 163.59 162.09 168.81 168.09 169.23 174.71 174.64 103.25 16.71 6.84 67.32000000000001 128.4 139.54999999999998 157.37 172.07 178.65 188.0 192.78 191.94 188.81 181.38 168.88 151.54000000000002 132.26 83.16 38.82 45.519999999999996 64.32 49.480000000000004 46.239999999999995 126.69999999999999 167.04000000000002
444.47 427.62 406.29999999999995 386.78 370.18 355.31 344.99 336.59 339.74 339.77 340.86 337.94 339.01 339.27 336.38 332.24 328.35 314.77 302.06 288.69 272.3 258.39 248.91 233.78 219.62 201.46 182.44 168.64 164.87 161.23000000000002 163.16 160.76999999999998 163.3 170.03 151.85 70.17 10.02 44.26 105.58000000000001 125.81 135.02 142.42 155.49 164.14 176.66 175.13 176.2 173.04999999999998 169.33 158.20000000000002 148.67 130.43 104.98 79.96 62.73 4.07 -15.18 66.03 152.85 193.55
465.58000000000004 448.17 427.18 407.08000000000004 386.79 370.38 356.75 348.36 345.40000000000003 342.65 347.37 348.46 345.87 338.53 334.68 337.24 338.5 337.5 325.68 310.89000000000004 293.1 276.74 256.95 238.09 219.51 198.25 186.24 170.98 164.98 159.31 156.05 151.94 156.34 168.9 153.19 70.12 31.35 73.52 111.81 124.51 131.20000000000002 136.79 140.81 150.03 158.56 156.92 161.08 158.09 158.49 157.01 149.39 137.22 115.99 100.77000000000001 64.42999999999999 -23.810000000000002 -29.78 60.519999999999996 129.44 169.28
484.86 469.21999999999997 450.64000000000004 431.66 409.93000000000006 388.31 370.27 357.59 350.85 345.73 346.23 343.84999999999997 336.21 327.84 326.15 331.87 338.94 344.8 337.94 328.02 309.81 292.61 271.79 252.09 234.26 217.16000000000003 207.57 188.47 184.19 170.94 163.62 160.27 158.88 169.6 165.63000000000002 76.13 35.49 80.46 109.2 132.61 140.76 138.32 135.81 135.95999999999998 138.05 137.15 140.96 142.14 148.01 148.58 144.96 137.92 125.17 111.35999999999999 101.01 67.24 61.5 89.12 109.18 132.43
501.99999999999994 488.94 472.81000000000006 454.38 434.0 414.32000000000005 397.59000000000003 386.0 377.85 369.13 361.22999999999996 355.14 351.93 346.5 341.42 340.47999999999996 342.05 346.95 342.28999999999996 333.21999999999997 310.77 291.31 271.8 254.70999999999998 241.04999999999998 232.13 225.54 219.19 217.44 202.89999999999998 197.95000000000002 183.32999999999998 172.13 189.64000000000001 194.73 86.14 33.17 86.79 113.5 142.60999999999999 150.84 143.87 134.83 124.22 123.18 125.98 135.23000000000002 140.68 142.63 141.37 136.73 130.59 126.02 121.35000000000001 118.33 117.63999999999999 131.81 153.9 181.57000000000002 200.84
523.2 507.95000000000005 486.74 469.97 454.83000000000004 439.08 428.87000000000006 418.84 405.3 393.46000000000004 384.75 373.17999999999995 369.08 364.26 357.6 346.53000000000003 340.84 333.63 327.9 320.79 308.8 290.57 273.13 257.73 251.2 247.47 250.29 253.31 248.81000000000003 238.62 223.85000000000002 196.79 192.0 212.51000000000002 193.04 68.17 37.21 138.94 187.21 195.04999999999998 173.22 156.67 140.9 131.89 130.89 132.27 134.9 133.75 134.05 132.54999999999998 128.7 124.32000000000001 121.22999999999999 125.05999999999999 129.9 137.71 151.95000000000002 175.87 201.47 201.43
539.37 522.9599999999999 503.46000000000004 487.39 471.71000000000004 460.41999999999996 451.59000000000003 442.71000000000004 432.19000000000005 421.46 409.68 396.93 385.51 378.28 363.6 350.76 337.37 328.1 323.21 316.15000000000003 309.66 302.76 289.40999999999997 283.40999999999997 277.59999999999997 275.93 274.27000000000004 269.79 255.46 246.5 228.92000000000002 207.93 202.95999999999998 211.56 125.19 27.860000000000003 74.13 222.89 262.53000000000003 212.7 184.62 150.76 133.84 133.0 130.53 129.29 124.02 121.24 119.38 117.44000000000001 116.52 114.09 116.86000000000001 121.86999999999999 134.35999999999999 149.76 161.35999999999999 180.19 201.18999999999997 173.63
549.25 536.7 524.04 508.13 492.09 480.79 475.23999999999995 467.27 460.74 447.96 434.90000000000003 425.53999999999996 413.34999999999997 400.35999999999996 385.86 377.86 367.35 353.32 344.69 336.19 332.78 325.83000000000004 321.69 315.64 306.2 302.91 286.15 273.14 250.43 234.54999999999998 216.1 201.86 196.67 150.11 56.35 36.120000000000005 122.37 257.6 239.8 180.85 149.85 119.24999999999999 131.84 133.43 131.72 130.62 123.17 117.13 113.39999999999999 110.00000000000001 109.11 110.04 112.96 121.89000000000001 133.4 146.84 157.93 176.53 189.47 161.76
558.42 553.4 543.4599999999999 534.99 519.09 506.39000000000004 500.57 493.91999999999996 487.2 473.46000000000004 461.47999999999996 454.04 444.64 431.86 423.78 415.78 407.07000000000005 391.59000000000003 377.78999999999996 365.25 359.89 349.28 344.87 334.03000000000003 324.56 312.35 291.82 272.14 241.02 221.91 196.89000000000001 182.31 172.93 126.54 49.64 50.63999999999999 148.4 225.15 188.42000000000002 127.59 97.55 137.74 151.15 156.5 154.62 151.17000000000002 142.44 134.87 120.31 116.63 109.4 110.11 113.89 122.46999999999998 131.72 143.64 155.32 174.19 186.8 154.69
566.23 565.58 563.05 556.41 548.3100000000001 535.59 522.13 515.17 504.90000000000003 493.98 483.73999999999995 479.2 470.84999999999997 466.83000000000004 458.72 448.03 438.56 419.23 402.40999999999997 386.41999999999996 374.37 363.13 353.78 342.91999999999996 328.68 315.34 293.14 270.5 237.57000000000002 211.32 185.63 165.07 155.66 111.03 37.69 55.800000000000004 130.87 158.54999999999998 123.4 78.36999999999999 114.36 154.57 211.64999999999998 217.70000000000002 207.38 195.56 180.28 162.13 145.06 131.32 124.07999999999998 119.06000000000002 123.0 127.66 136.9 149.81 163.41000000000003 182.05 190.04000000000002 157.92
569.74 570.04 571.84 569.41 562.11 551.11 537.19 525.16 511.99 505.22 496.09 493.29999999999995 492.15999999999997 488.34 483.12 472.33 455.48 434.25 413.06 395.92 382.06 371.83000000000004 362.36 349.26 335.08 315.63 294.44 267.3 240.20999999999998 210.14 184.07 163.3 120.22 66.3 22.12 52.89 88.0 72.32 60.39 67.78 106.32999999999998 193.6 261.92 282.2 267.94 243.7 214.04999999999998 189.47 169.15 154.5 145.52 139.71 139.59 142.94 152.89 163.12 178.10999999999999 189.38 199.14000000000001 202.89000000000001
573.6 570.7099999999999 572.6600000000001 569.77 565.36 555.0799999999999 541.48 529.5 518.99 511.69 502.56999999999994 499.02 498.88000000000005 500.91 497.64 484.84999999999997 463.89 442.23 420.0 405.90999999999997 393.12 382.67 371.69 356.97 336.82 315.15 294.22 265.43 245.86999999999998 217.85999999999999 190.79 160.03 108.18 42.33 4.18 15.82 58.76 34.050000000000004 7.739999999999999 27.250000000000004 89.62 188.2 262.99 281.15999999999997 275.53999999999996 256.58 228.17 201.71 182.32 171.75 164.48000000000002 160.76 157.95999999999998 160.95 171.91 177.2 188.76999999999998 194.89000000000001 203.18 212.0
580.72 574.83 572.33 568.67 564.9200000000001 556.44 545.0 536.76 526.98 515.93 506.60999999999996 501.75 502.54 505.5 502.01000000000005 489.27 471.80999999999995 455.83 436.19000000000005 421.75 412.92 410.06 399.68 379.86 355.54 329.89000000000004 306.09000000000003 280.22 253.2 222.6 187.02 148.93 100.58 42.8 -4.54 -24.6 -0.13 17.810000000000002 14.899999999999999 35.61 82.64 152.78 216.19000000000003 234.64999999999998 237.35 232.91 222.48999999999998 203.46 188.32999999999998 180.22 178.22 178.25 176.5 173.39 175.29999999999998 177.16 184.47 191.97 202.17999999999998 213.16000000000003
587.4799999999999 580.9 574.64 570.24 564.76 558.7900000000001 551.87 542.48 530.6700000000001 520.3299999999999 512.4399999999999 509.83 508.49 504.14000000000004 495.3 483.19 468.17 455.97 453.34000000000003 450.54999999999995 444.14 437.13 424.05 402.63 376.79999999999995 348.05 317.33 290.89 256.48 217.85999999999999 172.71 129.29 89.12 53.06999999999999 31.080000000000002 12.49 -16.96 6.13 64.77000000000001 69.34 63.449999999999996 93.97999999999999 154.73 184.86 197.45 207.07 202.92 195.93 190.54 187.79999999999998 184.60000000000002 178.95000000000002 172.35 165.38 165.6 173.04 183.07999999999998 194.82999999999998 204.31 212.61
586.96 582.65 576.9599999999999 571.96 565.91 560.77 556.0 546.44 536.7099999999999 523.7199999999999 518.7 518.23 515.3299999999999 510.45 501.49999999999994 485.89000000000004 468.87 464.21000000000004 470.39 471.31999999999994 468.59000000000003 457.64 441.54 420.73 396.93 370.31 337.33 299.08000000000004 254.57 208.64 163.31 123.57000000000001 87.51 64.72 49.91 45.58 20.96 27.07 24.19 52.01 73.22 104.47 155.03 195.88 206.82 203.52 187.75 183.92 181.67 185.51999999999998 186.13 184.54999999999998 178.39000000000001 173.82 172.79 175.12 182.88 191.72 201.72 214.29999999999998
582.03 577.7199999999999 572.5799999999999 568.91 565.14 563.9300000000001 558.85 548.9200000000001 537.34 524.78 524.84 523.5 520.25 514.9 505.32000000000005 490.51 486.25 482.62 484.29 484.74 482.36999999999995 469.03 453.21 437.35 415.66 384.65 343.25 281.40999999999997 216.97000000000003 171.0 137.45000000000002 102.71 86.14 68.35 53.05 41.11 36.71 19.900000000000002 -15.98 16.8 57.74 107.07 150.01 200.17999999999998 203.01 185.29 174.14000000000001 169.46 163.93 164.2 164.94 165.86 175.42 174.81 173.04 172.4 180.4 191.86 204.21999999999997 229.74
572.5500000000001 566.64 565.39 562.98 563.5799999999999 562.02 549.86 538.5699999999999 525.0899999999999 521.49 523.75 522.97 519.27 507.71 497.98999999999995 496.1700000000001 495.34000000000003 495.23 494.19000000000005 492.15 489.10999999999996 480.76 476.53 460.52 420.3 379.17 298.61 221.15 155.73 116.12 87.9 76.92 60.699999999999996 47.39 32.72 18.04 17.37 4.9799999999999995 -36.480000000000004 -20.990000000000002 38.940000000000005 90.44 132.01 166.32 152.93 135.7 132.36 134.66 132.64000000000001 135.44 136.23000000000002 140.51 149.07 150.42 150.81 156.13 175.25 194.69 231.56 257.69
564.1 557.0400000000001 556.78 553.89 554.24 544.39 532.12 521.5600000000001 509.42999999999995 518.96 521.8 521.0 511.03 499.73 491.09999999999997 489.26 492.46999999999997 495.74999999999994 495.28999999999996 499.32 501.89000000000004 506.73 501.49999999999994 447.28000000000003 404.98 307.47 213.54999999999998 132.99 87.61 59.06 55.96 45.68 41.46 28.07 10.02 -5.42 -15.310000000000002 -19.689999999999998 -49.64 -76.03999999999999 -16.91 71.98 115.52 126.32000000000001 117.77 97.45 75.8 78.97999999999999 90.29 93.93 110.61000000000001 115.34 117.60999999999999 119.59 126.49999999999999 144.1 170.92000000000002 217.19 254.36999999999998 290.86
560.51 553.4 549.73 545.13 536.09 526.22 516.66 507.09 505.1 518.39 518.89 513.98 501.70000000000005 490.64 481.98999999999995 479.57 481.29999999999995 492.5 500.07 518.27 537.16 540.9399999999999 489.15 434.89000000000004 318.37 210.01 123.22 60.12 34.239999999999995 32.29 31.41 30.06 25.82 4.9799999999999995 -14.71 -33.69 -48.25 -51.5 -54.17999999999999 -88.71 -64.48 24.46 80.55 92.05 108.75999999999999 85.35000000000001 46.02 37.519999999999996 50.61 65.85 82.52000000000001 97.65 97.7 96.66 110.48 141.75 190.82 239.94 287.83 324.35
561.8199999999999 554.2900000000001 547.24 535.51 525.98 515.76 506.77000000000004 504.04 507.31 514.64 507.36999999999995 498.94 481.54 471.46 465.78999999999996 463.48 477.64 489.94 523.67 561.8199999999999 581.25 553.49 490.81 349.23 222.63000000000002 129.95000000000002 54.910000000000004 33.300000000000004 22.82 23.77 10.95 7.6899999999999995 -3.64 -25.52 -43.95 -64.17 -72.99 -73.19 -61.28 -49.81 -36.47 -19.0 24.610000000000003 61.419999999999995 88.87 78.32000000000001 51.370000000000005 36.730000000000004 33.35 49.559999999999995 70.19999999999999 90.46 74.56 65.2 94.94 158.42000000000002 217.01999999999998 279.32 327.05 358.93
565.34 557.48 545.99 534.59 521.66 511.09 502.48999999999995 499.63 501.91999999999996 500.89 487.39 470.32 455.3 444.17 438.65999999999997 449.28 469.7 499.72 556.42 599.8199999999999 634.22 585.82 415.67999999999995 247.92000000000002 145.23999999999998 74.63 32.86 35.22 31.41 13.930000000000001 -6.58 -20.96 -32.32 -42.870000000000005 -55.85 -66.89 -74.8 -72.8 -61.71 -38.33 -19.93 -13.03 -9.22 22.68 54.269999999999996 63.36000000000001 55.36 51.22 45.629999999999995 48.870000000000005 61.83 52.26 29.37 25.09 77.33 174.03 261.24 321.91999999999996 366.8 398.65
560.77 555.8 541.97 528.19 512.02 496.83000000000004 486.53000000000003 481.78000000000003 482.68000000000006 471.73999999999995 457.38000000000005 436.94 421.08 410.70000000000005 413.64 432.36 467.92999999999995 518.01 571.38 638.65 677.99 506.32 290.09999999999997 158.64000000000001 108.02000000000001 92.25 60.31999999999999 26.57 13.29 -3.5900000000000003 -22.14 -34.64 -39.379999999999995 -45.800000000000004 -57.440000000000005 -62.53999999999999 -70.59 -53.290000000000006 -28.48 1.13 22.509999999999998 20.23 7.000000000000001 3.71 17.14 35.18 37.04 43.66 50.0 48.16 25.82 -11.200000000000001 -36.07 -22.05 70.36 201.63000000000002 304.74 370.08 413.12 440.73
542.6700000000001 535.64 518.12 501.11 483.2 468.34 459.03999999999996 453.13 450.96999999999997 438.06 424.69 401.6 385.74 379.38 392.56 422.20000000000005 466.05999999999995 525.31 556.65 642.82 630.22 349.85 155.14 126.28999999999999 133.22 112.84 100.02 59.730000000000004 36.919999999999995 21.32 1.68 -18.81 -25.5 -20.669999999999998 -13.3 -1.95 4.43 18.88 44.12 58.53 55.60000000000001 38.32 25.61 20.31 20.28 40.98 37.54 33.56 38.82 36.449999999999996 14.26 -18.15 -32.28 -4.32 125.86999999999999 265.66 359.36 410.79999999999995 446.04999999999995 468.71999999999997
511.96000000000004 497.70000000000005 476.11999999999995 461.30000000000007 449.85999999999996 439.54 434.79 428.69 423.01 410.96000000000004 397.71000000000004 375.43 365.0 369.3 388.46 425.83000000000004 468.43000000000006 512.19 535.51 591.39 549.05 309.66 168.66 152.84 156.6 115.97999999999999 53.1 13.03 9.11 19.53 17.43 22.75 26.68 47.17 64.5 81.27 91.46 98.58 76.79 48.55 -6.12 -22.41 -7.99 -5.17 8.16 46.08 27.1 22.46 31.69 28.46 15.629999999999999 10.27 1.81 68.75 225.06 345.2 411.47 452.85 474.83000000000004 496.0
475.04 460.14 443.66 438.8 430.40000000000003 428.91 425.02000000000004 420.98 417.23 406.59000000000003 394.9 377.27 380.07 386.84 406.71999999999997 439.65 462.65 489.34 498.84000000000003 494.5 456.1 308.26 152.41 113.33 121.53 140.07 113.46000000000001 71.84 23.22 13.04 32.87 56.44 100.89999999999999 122.16 105.36000000000001 108.01 112.08 104.16000000000001 62.629999999999995 -27.310000000000002 -76.23 -65.98 -42.559999999999995 -13.71 7.21 21.98 10.280000000000001 20.34 46.760000000000005 43.86 33.910000000000004 27.22 36.49 102.47999999999999 300.37 408.96999999999997 464.94 489.70000000000005 510.71 531.37
443.56 435.76 430.33000000000004 426.79 429.12 428.03000000000003 427.54 423.15 422.11999999999995 415.53000000000003 404.34999999999997 393.76000000000005 396.05 405.85 424.85 437.56000000000006 457.96000000000004 450.67 446.49 420.7 360.03 226.58999999999997 82.78 38.33 21.39 38.940000000000005 102.76 127.79 72.77 24.349999999999998 32.800000000000004 59.72 104.56 123.53 102.06 88.02 95.30999999999999 75.75 11.18 -71.59 -92.74 -79.83 -32.83 -7.960000000000001 5.57 15.409999999999998 15.49 37.03 62.11 68.42 59.28 53.52 59.61 128.89 355.74 463.72 496.45 520.77 543.3 564.1899999999999
426.51000000000005 426.89000000000004 425.1 431.50000000000006 433.94000000000005 433.3 432.40999999999997 427.18999999999994 427.77000000000004 428.21 415.06999999999994 407.01 406.03 415.06 412.72 424.91 426.38 411.72 384.32 352.53999999999996 293.73999999999995 214.76000000000002 73.61999999999999 -12.08 -30.830000000000002 -40.43 23.419999999999998 88.26 89.29 45.25 24.34 49.5 67.47 85.27 67.09 46.83 49.13 21.560000000000002 -43.230000000000004 -85.06 -104.84 -59.98 -13.69 -11.450000000000001 -1.66 11.64 28.68 41.67 50.22 57.35 64.94 59.29 68.42 145.17 401.72999999999996 494.02 518.09 536.41 558.8599999999999 581.32
