new/V.asc
NCOLS 221
NROWS 89
XLLCORNER 89.875
YLLCORNER -11.125
CELLSIZE 0.25
NODATA_VALUE -999
[rows 27 to 53 of 89, columns 60 to 119 of 221]
598.91 604.3199999999999 612.94 605.48 598.71 584.6 576.98 564.25 552.88 545.9 540.5 542.38 529.44 410.39000000000004 425.58 436.82 444.97999999999996 441.16999999999996 421.54999999999995 402.58000000000004 385.8 364.67 349.54999999999995 327.15000000000003 313.18 294.0 281.32 273.09999999999997 258.45 248.35 235.51000000000002 232.58 220.78000000000003 222.39 218.69 209.83999999999997 170.03 96.81 80.92 80.28 66.72 36.08 20.080000000000002 12.68 11.53 22.82 23.1 6.01 1.6 15.24 36.32 64.47 123.74000000000001 165.56 237.91000000000003 377.53999999999996 434.6 464.1 507.32 525.31
588.31 604.9699999999999 618.1700000000001 612.89 608.22 591.6800000000001 584.26 570.4 567.71 563.48 552.55 564.32 521.94 337.31 395.84999999999997 458.28 459.29 437.42 418.32000000000005 390.2 374.90999999999997 346.88 332.73 309.3 289.72 269.06 255.79000000000002 246.74999999999997 239.76999999999998 229.36999999999998 216.5 200.24 183.98000000000002 171.4 158.99 125.28999999999999 81.07 84.72 85.61999999999999 44.9 34.0 12.11 -10.84 -12.49 0.6799999999999999 14.510000000000002 18.33 -2.35 -4.26 9.45 31.209999999999997 86.21 157.94 225.66000000000003 294.28000000000003 372.38 425.58 473.43 512.93 533.06
581.88 602.09 614.1 606.58 602.96 589.37 584.3 580.5600000000001 580.94 580.91 570.61 570.0300000000001 513.61 340.21 407.83 467.44000000000005 453.36999999999995 430.40000000000003 409.14 379.45000000000005 361.44 330.84 313.73 286.49 261.15 244.73 234.89 228.45 220.84 209.26 188.89000000000001 164.1 141.04000000000002 111.75 71.55 42.99 51.29 72.42 84.00999999999999 26.39 9.33 -3.34 -14.940000000000001 -8.959999999999999 -0.01 6.5 9.09 12.620000000000001 21.36 20.04 25.259999999999998 80.51 151.34 221.89000000000001 296.72 364.78000000000003 425.86 481.4 524.7 545.92
579.4100000000001 599.51 607.3100000000001 599.12 596.23 589.86 591.58 593.88 594.17 590.57 579.4100000000001 560.58 543.01 479.21 482.09 467.56 447.01000000000005 422.27 395.46000000000004 368.73 343.64 316.15999999999997 286.18 264.57 252.65 236.58999999999997 219.38 210.16 207.05 193.86 156.06 123.85 90.03999999999999 45.87 13.23 22.15 50.9 59.58 60.41 36.25 1.54 -19.64 -17.51 -3.16 9.69 15.659999999999998 18.279999999999998 27.55 35.94 18.63 22.64 74.77000000000001 145.23 227.45000000000002 312.65999999999997 391.24 457.55999999999995 502.69000000000005 531.11 549.74
580.68 593.68 595.19 590.14 595.15 606.85 608.93 610.56 609.41 603.27 592.1999999999999 571.03 551.18 534.1 507.63 479.3 454.92 421.92999999999995 386.71000000000004 358.73 324.7 301.69 274.15 254.72000000000003 244.55 230.65000000000003 219.07999999999998 214.06 202.21 163.82000000000002 119.39 74.37 33.910000000000004 20.380000000000003 14.29 21.04 36.809999999999995 51.57000000000001 55.60000000000001 31.1 12.23 2.23 0.24 11.24 20.990000000000002 20.1 15.0 24.5 12.590000000000002 3.2300000000000004 -1.22 53.900000000000006 147.94 250.26999999999998 340.16 422.11999999999995 489.60999999999996 530.04 554.61 562.57
580.1800000000001 594.15 599.57 607.54 611.72 618.41 623.4300000000001 626.8 625.14 615.1099999999999 600.51 587.4 567.03 545.7900000000001 524.75 495.69 459.17 419.44 374.32 338.79 312.18 282.84 255.31 249.61 242.17 217.93 200.38 191.79 172.98 106.82000000000001 67.62 34.160000000000004 14.04 12.23 24.21 27.6 23.34 30.86 55.87 44.019999999999996 22.96 9.66 2.6100000000000003 12.3 26.44 31.94 27.529999999999998 16.37 6.4799999999999995 11.52 3.9699999999999998 50.7 157.79000000000002 274.37 382.84 469.5 526.6600000000001 562.0 580.5600000000001 563.8499999999999
589.29 600.76 604.57 619.27 629.95 632.25 636.85 639.42 638.22 629.99 619.2 603.17 587.97 564.65 542.86 510.78000000000003 468.79 412.9 365.24 322.16999999999996 300.34000000000003 280.51 258.53000000000003 254.75 243.79 196.08 123.07 107.24000000000001 110.94 73.21 52.739999999999995 29.37 14.29 13.98 28.57 35.67 31.669999999999998 32.53 41.099999999999994 32.37 11.459999999999999 -3.9899999999999998 15.409999999999998 24.57 30.89 32.32 20.93 10.43 12.920000000000002 18.060000000000002 15.310000000000002 62.74999999999999 182.20000000000002 323.6 428.04 497.33 557.49 597.7 603.14 578.04
594.4399999999999 604.96 621.59 632.06 643.8100000000001 649.93 653.04 655.39 654.14 645.89 634.14 622.18 606.8100000000001 584.88 559.59 524.77 469.02 411.76000000000005 343.12 297.58 289.03 283.08 263.69 260.72 251.88000000000002 174.73000000000002 101.32000000000001 68.5 59.540000000000006 47.79 43.51 24.15 17.919999999999998 14.06 14.29 21.33 27.88 29.92 24.060000000000002 16.939999999999998 1.49 -6.63 8.14 22.81 29.53 29.13 18.01 20.380000000000003 21.92 24.23 28.15 80.34 236.71 378.77 458.73999999999995 525.07 587.63 625.52 629.0600000000001 578.9100000000001
596.71 611.5 632.57 645.26 657.06 663.51 667.5 669.9 671.48 663.5500000000001 653.01 643.61 622.36 604.9699999999999 578.14 537.0 481.24 377.06 304.44 250.69 256.86 269.09999999999997 249.32 246.15999999999997 238.85 162.89000000000001 102.3 70.02000000000001 30.680000000000003 17.11 22.400000000000002 23.599999999999998 20.549999999999997 1.16 0.63 2.06 8.780000000000001 12.809999999999999 6.890000000000001 11.709999999999999 10.41 5.28 9.74 24.22 38.79 39.11 35.42 44.29 53.580000000000005 58.76 55.910000000000004 116.5 273.34999999999997 411.16 489.63 538.61 607.5 650.75 645.08 587.0
600.6999999999999 616.53 635.99 655.1700000000001 668.48 673.3299999999999 678.52 682.37 683.9699999999999 680.22 669.64 659.48 638.5 622.49 595.3100000000001 554.05 462.34000000000003 358.15999999999997 206.57000000000002 146.86999999999998 189.12 215.92 208.57999999999998 210.17999999999998 201.5 148.52 87.89 68.61 26.47 7.6 10.2 25.96 22.49 -0.5 -10.17 -8.77 0.91 5.58 0.2 9.3 19.56 25.1 27.54 37.21 51.78 63.73 61.56 88.09 111.44000000000001 124.47999999999999 113.34 172.92000000000002 283.07000000000005 420.88 488.22999999999996 529.48 617.57 673.5400000000001 652.38 581.35
599.8199999999999 622.1899999999999 637.66 659.53 675.2900000000001 680.5699999999999 690.03 692.24 693.94 690.6 680.48 666.92 656.63 635.49 609.2800000000001 562.05 454.11 255.08 91.24 42.69 89.94 125.66 149.9 152.03 135.43 90.46 65.36999999999999 49.46 42.28 26.06 19.66 29.020000000000003 18.55 15.36 5.62 0.29 9.25 15.709999999999999 8.4 13.5 34.79 45.96 58.24 67.56 63.42 72.82 102.84 137.89000000000001 171.48000000000002 183.95 178.84 202.43 297.32 398.28999999999996 477.02 518.62 613.28 681.5 645.29 570.85
604.94 620.55 636.97 657.77 672.77 684.6700000000001 688.74 694.69 698.4399999999999 696.5799999999999 689.59 677.3100000000001 670.36 644.4 624.93 564.4300000000001 367.28000000000003 154.75 50.03999999999999 23.51 28.34 46.28 70.57 86.38 67.62 41.81 20.46 19.35 35.3 38.01 24.95 21.790000000000003 29.12 31.8 25.97 17.630000000000003 15.57 15.540000000000001 28.139999999999997 46.160000000000004 72.91 87.37 100.56 98.54 87.4 90.02 126.46 173.35 200.85000000000002 189.38 200.61 216.04000000000002 281.15000000000003 365.36 402.77000000000004 445.68 602.48 667.26 633.96 553.4
610.3399999999999 625.11 629.53 649.8199999999999 658.87 677.6500000000001 680.1899999999999 688.45 692.65 688.99 689.4300000000001 678.59 671.9 655.2800000000001 638.12 557.24 334.73 135.64000000000001 68.8 62.43 50.81 47.67 38.43 48.6 36.21 21.42 5.52 -0.8699999999999999 20.31 34.31 21.029999999999998 10.2 22.23 31.480000000000004 37.16 33.69 25.130000000000003 30.959999999999997 58.220000000000006 77.86999999999999 91.85 109.43 115.25000000000001 105.4 99.16 109.85000000000001 138.57 177.24 177.46 154.4 157.78 194.91 265.91 313.01 316.10999999999996 368.43 596.98 653.02 594.89 526.1999999999999
587.28 618.2 611.59 631.8100000000001 636.74 653.84 663.5500000000001 672.34 680.42 685.12 687.2 678.43 682.9 658.3199999999999 633.27 555.71 332.85999999999996 142.51 85.25 67.16 44.82 40.72 33.37 31.230000000000004 18.35 24.060000000000002 26.729999999999997 18.63 24.47 30.020000000000003 32.28 8.95 -2.92 2.31 16.84 24.490000000000002 27.1 38.74 40.48 61.839999999999996 77.45 104.27 104.07 88.57000000000001 89.59 120.05999999999999 161.08 169.36 160.02 158.68 163.23000000000002 222.58 286.89 309.47 302.97 363.54 580.02 613.14 562.62 490.02
587.38 603.77 598.69 604.72 618.4300000000001 635.3100000000001 648.78 657.7 666.52 676.6600000000001 679.5799999999999 680.27 682.99 666.75 654.98 570.85 342.61 145.32 68.92 40.54 7.5600000000000005 3.51 13.26 1.9800000000000002 -7.42 -5.13 6.3 33.26 52.949999999999996 53.269999999999996 47.27 31.630000000000003 27.3 22.78 29.53 41.21 52.559999999999995 58.78 50.839999999999996 77.92 76.61 80.71000000000001 86.92999999999999 92.86999999999999 103.55000000000001 137.02 175.09 191.33 190.78 163.45000000000002 212.19 397.90999999999997 547.0699999999999 557.48 502.60999999999996 519.24 539.49 519.32 513.43 428.52
567.5600000000001 579.0 586.87 584.71 599.18 614.89 630.24 642.51 657.02 667.57 679.03 684.7800000000001 682.11 679.52 669.27 598.4300000000001 374.37 160.20000000000002 72.35000000000001 34.27 1.83 -0.06999999999999999 7.1 4.7 4.53 11.219999999999999 35.72 62.51 68.72 59.86 60.57 53.74 51.25999999999999 56.989999999999995 74.9 101.36 108.04 85.65 77.23 81.36 66.3 61.129999999999995 64.01 76.39 109.24000000000001 145.25 168.38 186.83 206.87000000000003 188.46 272.01 534.6700000000001 673.52 649.8199999999999 588.66 518.37 480.71000000000004 453.44 466.11 375.08
538.9 559.01 569.41 576.78 588.3 605.25 618.56 628.1 642.5 660.25 673.68 681.63 687.65 689.99 680.53 625.38 436.44999999999993 220.65 87.76 43.2 22.09 5.41 3.2800000000000002 17.21 19.24 46.82 73.13 105.91 115.53 94.15 100.33000000000001 104.79 99.24 99.96000000000001 87.32 109.16 100.99000000000001 83.25 69.83 65.59 59.760000000000005 53.21 59.98 88.75 120.94 144.04999999999998 168.23999999999998 192.91 204.54 229.31 452.74 664.4499999999999 684.5600000000001 657.06 595.0300000000001 522.27 443.83 403.88 385.70000000000005 296.4
481.31000000000006 533.96 547.68 574.4 582.8100000000001 598.46 607.52 617.1 630.68 648.37 670.13 679.35 692.9599999999999 701.14 699.28 646.83 456.40999999999997 246.5 117.26 72.48 49.66 29.509999999999998 30.89 43.97 45.59 73.82 123.49000000000001 156.94 149.17000000000002 120.21 107.83 122.59 117.36999999999999 104.38000000000001 92.22 86.19 78.16 74.71 62.839999999999996 71.13000000000001 72.23 66.67 82.69 109.96999999999998 131.84 155.72 179.67 208.07999999999998 215.75000000000003 261.32 541.17 689.39 709.51 651.78 589.33 491.61 404.27 329.57 279.34999999999997 191.55
433.0 489.89000000000004 529.88 567.0799999999999 580.84 594.62 602.79 607.16 620.73 639.85 663.1700000000001 681.36 695.95 705.3 725.43 666.7099999999999 466.35999999999996 256.44 158.10999999999999 116.82999999999998 75.33999999999999 58.98 75.64999999999999 92.32000000000001 91.64999999999999 114.53999999999999 164.22 186.17999999999998 172.04999999999998 126.1 95.46 107.71 120.6 106.97000000000001 108.62 102.59 95.63000000000001 93.27 79.17999999999999 88.47 86.87 79.31 95.56 109.31 131.15 165.46 187.26 231.06 247.67000000000002 278.63 590.8100000000001 721.39 704.98 647.26 570.4 468.68999999999994 343.2 240.07999999999998 193.1 96.76
405.61999999999995 449.21 503.99 550.9699999999999 581.9499999999999 595.23 597.04 600.83 612.3199999999999 631.08 655.79 678.8000000000001 697.21 705.9 730.6899999999999 717.81 520.78 329.28000000000003 225.85999999999999 147.25 96.95 82.54 114.60999999999999 136.35 125.77000000000001 146.96 193.99 216.27 196.32 149.78 119.11 121.03999999999999 148.66 145.39 149.43 140.35999999999999 134.29 117.25000000000001 99.32 90.86999999999999 85.39 75.47 88.98 103.37 141.14 179.36 207.39000000000001 258.38 276.79999999999995 310.54 608.64 712.6800000000001 695.84 631.4499999999999 552.64 439.35 296.34000000000003 161.5 128.51 29.69
359.75 398.53999999999996 468.65 530.53 571.14 587.91 591.42 590.12 601.86 626.71 652.9399999999999 672.37 693.23 710.47 708.4 734.86 692.44 514.71 310.63 172.72 116.17 116.42999999999999 144.79999999999998 139.89000000000001 129.38 149.8 197.45999999999998 218.92999999999998 203.83 186.19 164.63 165.5 180.48 162.25 148.69 132.56 123.41 103.56 89.83 91.08000000000001 81.5 62.260000000000005 86.79 134.16 174.10000000000002 208.9 249.07 294.53999999999996 303.05 383.40000000000003 621.52 718.34 683.48 618.91 535.49 419.97999999999996 251.54000000000002 94.62 51.949999999999996 21.26
329.38 345.71999999999997 405.48 504.6 569.12 585.5 588.8499999999999 584.43 586.58 607.26 643.8 678.15 685.68 706.78 706.56 706.03 724.4 670.4399999999999 488.09 292.75 195.19 142.77 174.35 152.02 131.56 141.98999999999998 168.49 183.35 170.98 155.32 148.38 138.61 130.49 117.54 116.06 123.50000000000001 132.84 132.8 113.75999999999999 97.74000000000001 72.39999999999999 67.78 91.01 138.85 194.13 237.72000000000003 268.46999999999997 293.92 411.17999999999995 605.72 716.88 700.6899999999999 659.83 603.56 517.07 388.54 218.06 63.06 14.57 6.74
310.71 302.56 348.03000000000003 454.73999999999995 541.22 584.66 586.4399999999999 578.8299999999999 580.5 596.28 625.08 665.71 692.72 691.65 710.01 705.7 701.71 696.61 635.28 515.4499999999999 370.14 164.69 179.32 193.91 160.57 155.7 159.14999999999998 155.98000000000002 160.37 157.0 171.81 156.65 162.20000000000002 160.84 151.74 146.14000000000001 146.79 140.83 126.64 114.97999999999999 81.78 74.14 73.41 119.59 183.85 220.22 250.64000000000001 376.62 611.65 728.5 717.89 690.35 655.54 593.18 493.1 348.83000000000004 172.04 33.44 8.98 0.44999999999999996
333.18 309.93 302.07 393.90999999999997 483.1 584.44 600.48 583.64 568.8399999999999 571.14 606.4499999999999 644.96 682.8000000000001 691.1800000000001 695.63 707.26 701.0600000000001 682.41 650.27 575.61 423.65000000000003 181.77 183.42000000000002 203.39999999999998 177.41 165.9 165.76 169.19 184.54999999999998 203.94 223.01999999999998 212.9 217.39000000000001 200.78 181.62 172.42 159.56 145.79 125.89999999999999 109.23 90.91 68.89999999999999 66.44 98.46000000000001 154.98000000000002 235.39 348.12 599.47 745.36 728.85 715.98 697.09 652.12 577.75 460.57 305.57 127.28999999999999 -6.68 -11.48 -14.41
363.22999999999996 349.96999999999997 297.52 281.39 345.78000000000003 513.82 608.85 598.87 562.64 551.0799999999999 565.4499999999999 619.89 659.48 679.93 685.8 683.4 686.76 686.41 659.2800000000001 595.01 441.39 208.54 198.63 198.57 187.07 175.48 161.03 159.09 186.29 203.32 223.95999999999998 228.33999999999997 242.1 234.33 209.83999999999997 190.65 179.92999999999998 172.11 150.72 132.10999999999999 106.67 82.3 52.96999999999999 75.96000000000001 170.62 291.94 521.9 756.4300000000001 750.45 733.58 728.54 692.83 653.77 575.42 449.35 259.22 66.27 -48.03 -16.78 -10.2
384.13 402.97999999999996 375.78999999999996 296.49 289.55 498.09000000000003 591.64 604.57 570.15 521.38 515.35 572.41 637.0 655.33 665.37 666.4 675.3 675.72 665.79 605.73 470.04 230.58 206.5 185.13 174.47 184.07 172.51000000000002 168.23999999999998 185.72 210.82 237.23000000000002 252.55999999999997 254.89000000000001 250.99 234.56 217.01999999999998 228.26 226.29000000000002 194.82999999999998 176.29999999999998 142.01 103.59 72.16 109.45 204.97 325.66 522.03 754.42 747.2 728.3000000000001 726.51 700.82 664.78 585.06 436.65000000000003 247.91 53.290000000000006 -32.08 -8.309999999999999 -12.5
302.95 387.59999999999997 419.47 396.81 280.85 453.96999999999997 549.79 568.71 581.17 531.36 467.94 494.45 582.66 632.37 635.22 642.1899999999999 651.14 658.46 648.78 612.74 489.73 241.14 206.2 191.57 188.65 196.12 193.38 189.92 208.31 235.65999999999997 260.78999999999996 279.17 279.09000000000003 275.67 259.77000000000004 243.31 252.69 271.11 254.98 228.01999999999998 189.69 147.6 110.35999999999999 148.99 227.04 343.18 477.76 713.25 732.5300000000001 707.0400000000001 710.65 713.27 676.79 606.12 460.65 244.29 33.85 -28.310000000000002 -13.96 -2.19
